3763079
24973
251927
3405392
5290926
1346786
2150608
11110507
1433357
6092769
9379129
4520129
1671095
61225
5076810
379323
3057345
139286
2373668
9025630
78366
5149085
9499091
1434666
2283432
957467
7250240
5072786
4881516
4041953
51003
3983880
3298339
2562405
6423636
1428950
5059948
2636100
504060
7620029
107060
1108820
7567996
4717353
2592112
2393994
812300
954020
277694
712112
6823063
7057227
7735823
4006058
927769
11188873
1637624
463000
9784475
7715498
4253993
6344696
633408
2659173
724649
1718868
1030025
5614109
8603146
87255
650279
739041
36252
1006781
8710524
6485275
6856097
2996035
1520950
36252
316281
1451044
3559947
416900
10116348
3443617
4462481
4462481
6102235
11061739
6805596
3468164
341437
1740376
2866693
8297928
1099637
682737
6578403
655284
139699
148588
11540324
122347
8559567
9306152
10338238
768498
1566815
137688
531329
4130961
2140015
7465359
1434666
2684188
3982232
5622231
452256
2675214
1710669
10976324
10732852
222801
858331
7370693
24973
3013402
1791685
6610939
1967439
1513085
4448797
6254573
4088026
1568884
1573076
3762262
12055344
7747136
6994881
1473366
323420
397052
1374443
545274
4811605
2336786
445379
4164905
1433357
4209186
12030371
6305189
363307
1113279
8108622
1008227
7183719
5943782
9933967
5243260
226954
5421892
3228651
2506863
7575139
1319494
8661542
6032917
1432522
6063544
1475404
6748393
1625496
11643764
8692192
3134322
1646293
504060
2049502
4621145
3619810
292545
9202049
749408
7946004
112336
3791593
3635535
10768504
2562405
11535231
61225
2611966
11356653
5333634
1288699
7628878
5055516
7781603
4312161
1089864
6102235
8252708
1566815
6390747
967060
5370601
1136325
879106
8200198
10410199
6204254
1728618
8183483
263637
4402581
5330790
133017
3740419
5197725
4475379
10197941
6402298
848915
469465
8882180
5942518
5158729
1892572
3653699
3131038
5753626
6889304
467668
4869349
316281
767044
3929725
5393679
61333
1405347
10741186
3613444
2956902
4952857
4234159
148694
1731104
11779210
1989165
709472
1659413
12041681
1344341
572826
482773
2004389
4947519
8581247
8662504
173561
758845
2057980
3217017
6553694
5698694
467668
762053
24973
1189047
574907
5796582
1248837
3035767
7240154
3448561
194441
1967439
798105
3023622
176582
1407401
7372121
1407401
61225
128563
463000
1579803
2150608
10707347
1138477
8844711
7609832
305710
4062547
4448797
6243226
2767721
102573
190702
87255
416900
6321173
12394530
1468810
4319858
10852354
929837
925506
1126099
5394859
8691860
666306
6903452
2259244
902578
3230781
902578
7490384
10221813
515909
4392815
7492425
6369122
112336
1488449
1244027
161018
4564194
3791422
4156281
4791169
259323
1138477
2214049
5204075
36252
7753633
4948528
7944073
3492893
3607363
4690707
9632302
3100718
107091
310056
4588083
6087510
4023662
6199418
6104738
5867816
6604090
1030025
9855230
545742
9123476
12438451
1246383
176582
3205456
277543
1012493
463000
6804725
1673394
301532
2092395
11925579
1666396
9056057
10979546
5004849
2830031
6380489
3791593
3938123
873888
6262031
2808196
2370687
5508289
7352083
61225
1099637
6449132
4082140
11552681
127447
3675625
846603
6063544
3867892
2502351
36252
7001488
7022667
4392815
2599646
294045
4639041
866488
11907122
325757
466328
7152899
1699255
468245
3512483
1099637
1602616
6146663
1432522
2600874
115368
1244027
812663
923402
4750786
4527087
5646229
2320094
1439246
1174612
5598682
940311
699990
1109895
7022197
726956
10092298
3712466
1322438
11140164
7876129
8856093
3717591
1656115
10456817
112336
5856527
341437
184639
2112042
12217399
739041
1394325
873888
9402486
2934499
413177
4242925
1319494
546393
2929550
3741604
4319858
3013402
1892572
1484288
1892572
112228
5075401
332059
2720685
5661787
192139
181705
1703951
6390747
4482674
6933017
2453116
1103815
2269287
2397671
925500
7532055
2171951
2481359
7273264
294045
453536
2289894
10915099
991243
1436581
5089454
1814802
4521324
11879205
5580258
51003
2483220
2967673
8792452
10002541
345992
8108622
1087365
54994
11843842
294045
1996674
4019615
1661016
1161864
6124506
4141924
7764188
3295411
6606932
3525318
11693066
621961
8742178
2280566
24973
1107205
1503235
12351070
87255
3328726
2705073
6786364
4448797
582025
463000
10756898
2066133
1814206
4385395
7426203
848915
551372
10596516
1035224
403536
1583360
8372759
417242
8581810
2897233
2259244
344418
5714183
3085037
36252
7601704
367284
966296
379323
24973
5984016
7478347
5661787
12304654
751929
960637
4060598
36252
4699399
6195850
87255
130760
148588
254948
4559920
254948
2020994
93480
551372
1353263
1294534
2919002
925500
958650
1821214
1484288
621961
1188447
10658791
6741289
936919
2851312
24973
1047238
3573095
3409319
1903913
24973
1393310
6637585
2244061
863500
570221
3251603
5712225
24973
4154752
11177771
3600720
1286691
10367736
1200672
3596967
398160
3553666
1072525
8287674
1006157
9966463
560286
792485
5927494
4334819
4448797
2172239
3957736
318355
241461
2627697
960994
3264473
6124159
1343781
2077148
7405699
135483
12768312
6195850
8175396
5898544
294045
2723630
858331
2186694
1294534
3039302
12930788
36252
2650799
335029
5065777
1115648
12612348
5004849
3929725
190866
5096213
3874686
1628148
1199025
538859
863500
1415576
4967420
5390258
2844194
8377404
549609
2581280
4508917
3460079
5526092
3093538
5608075
763292
2114923
1405347
4383502
1730352
628804
8778094
5477190
3977642
546393
6319723
345992
6998680
3230004
3404761
959364
5266892
3659368
10050115
6041966
1229416
812300
9721273
2684388
8826532
4670985
10610505
2851458
902578
3055010
2650799
1926218
7780274
2687378
296520
2290580
3913615
10361759
2821716
4048943
4382553
2627312
3108060
9487071
3490946
36252
5404096
8735738
1643731
1646293
442739
4339658
1814206
1673394
10101614
139699
4508582
9924131
2138040
5370601
1866190
7085118
7424221
7070223
194404
8065734
3614904
6541957
61225
761660
24973
7764188
1856563
7188957
1321569
18329
3085037
8477457
3517618
7370693
6629401
3652668
173561
468245
2592112
9834856
1028431
7961469
161468
2054607
4621145
481557
10033758
1884870
4554956
1583360
1365070
761660
3323177
4701449
244074
2496676
5876691
946799
8858943
2097083
301532
8714264
2138040
6985135
4563894
1759099
1536777
2467718
529470
3523285
7073484
6426300
277543
379113
61864
11860713
1338998
8385996
726956
344418
4488623
12399284
1152202
848915
1791685
1583360
36252
2355190
12869455
5500062
6788598
2113612
746763
940311
61333
412952
468245
4951185
6557912
146493
115368
3134322
2687378
200635
5794632
1821220
24973
831256
575336
11356653
2198789
3236636
4491759
10187061
5856527
1715403
4155104
650279
960637
36252
4152225
10138473
3516378
403536
12237816
364879
7632134
669230
1628148
3750813
11273591
1286840
3603738
4707688
7188957
3977642
4199120
2320094
2871162
5249129
3870193
954020
435956
2506863
78366
6625201
788141
9800981
1288536
2497414
6380489
61225
1947703
1953905
11474315
10179274
861008
10510299
3393051
1568884
329102
3286933
9330582
48449
733038
8911638
3482230
2666960
5966395
2422399
1064078
2032715
664591
261278
5773016
11829499
4534184
193591
3630062
9885136
1182739
471240
87255
2836973
7453091
5929581
2342430
42932
2856133
804597
87255
664591
792485
4895050
2767721
2851312
1670165
1726921
323238
1956470
10510299
2388398
2851458
2417981
24973
900391
180919
4671058
4488367
12713309
5128473
323420
911905
1064798
899667
2570762
1258026
2558911
700327
5243260
12857669
121959
281147
3970520
8711117
273804
1138477
1814206
6485275
4040177
1651986
3165923
2064672
9458521
9274078
2687378
2814913
6698320
792485
2053590
161468
6016862
3294489
10207666
2186694
11990224
379113
2453656
11542493
61864
8742178
370822
3432819
8859346
582025
11721961
7470945
1892572
10647519
2060631
8285999
891420
61225
578368
848915
1878940
573614
6024704
3747257
951811
3118535
87255
5759280
6766386
534911
732247
538859
7525217
10670666
3422914
1106831
709472
8310733
5026670
