Case #1: -1
Case #2: 14 1 1 1 1 1 1 1 1 1 1 1 1 1 28 
Case #3: 17 1 1 1 1 1 1 1 1 1 1 1 1 1 1 1 1 25 
Case #4: 5 5 8 8 10 10 
Case #5: -1
Case #6: -1
Case #7: 5 5 7 9 10 10 
Case #8: 5 4 4 9 11 13 
Case #9: 4 5 10 10 16 
Case #10: -1
Case #11: 5 6 6 6 7 16 
Case #12: 5 3 5 6 13 14 
Case #13: 5 1 3 3 7 27 
Case #14: 4 3 7 9 22 
Case #15: 4 5 10 11 15 
Case #16: 8 3 3 4 4 6 6 6 9 
Case #17: -1
Case #18: 9 3 3 3 4 4 4 5 6 9 
Case #19: 5 4 7 7 9 14 
Case #20: -1
Case #21: 6 4 4 4 4 12 13 
Case #22: 4 1 6 7 27 
Case #23: 7 4 4 6 6 6 6 9 
Case #24: 4 3 5 7 26 
Case #25: 6 1 3 3 3 5 26 
Case #26: -1
Case #27: -1
Case #28: 4 3 6 10 22 
Case #29: 7 3 3 4 4 4 10 13 
Case #30: 9 4 4 4 4 4 4 4 5 8 
Case #31: 5 4 4 4 11 18 
Case #32: -1
Case #33: 5 3 3 4 5 26 
Case #34: 7 3 3 3 5 9 9 9 
Case #35: -1
Case #36: 6 3 5 5 5 5 18 
Case #37: 6 3 4 4 7 10 13 
Case #38: 3 2 14 25 
Case #39: 5 3 3 8 9 18 
Case #40: 5 5 9 9 9 9 
Case #41: 23 1 1 1 1 1 1 1 1 1 1 1 1 1 1 1 1 1 1 1 1 1 1 19 
Case #42: 5 4 5 9 11 12 
Case #43: 2 2 39 
Case #44: 7 1 4 4 8 8 8 8 
Case #45: 6 5 5 5 5 5 16 
Case #46: 6 4 4 6 7 8 12 
Case #47: -1
Case #48: 19 1 1 1 1 1 1 1 1 1 1 1 1 1 1 1 1 1 1 23 
Case #49: 8 4 4 4 4 4 4 8 9 
Case #50: 4 6 7 8 20 
Case #51: 6 4 5 6 6 6 14 
Case #52: 7 3 5 6 6 6 6 9 
Case #53: 5 3 3 6 10 19 
Case #54: 5 3 3 6 12 17 
Case #55: 7 1 1 1 1 1 2 34 
Case #56: 7 3 3 3 3 6 10 13 
Case #57: 6 3 3 3 5 9 18 
Case #58: -1
Case #59: -1
Case #60: 2 9 32 
Case #61: -1
Case #62: 7 3 4 4 6 6 6 12 
Case #63: 4 3 5 9 24 
Case #64: 5 3 4 7 8 19 
Case #65: 4 7 8 11 15 
Case #66: 5 4 4 7 8 18 
Case #67: 4 5 6 15 15 
Case #68: 8 3 3 4 4 5 5 7 10 
Case #69: 5 1 4 9 13 14 
Case #70: -1
Case #71: 6 5 5 5 6 6 14 
Case #72: 6 6 6 6 7 7 9 
Case #73: 6 1 1 1 3 11 24 
Case #74: 6 1 1 2 5 16 16 
Case #75: 7 1 1 1 1 2 9 26 
Case #76: -1
Case #77: 5 1 7 10 10 13 
Case #78: 7 3 4 4 4 7 8 11 
Case #79: 4 4 4 13 20 
Case #80: 7 3 3 3 6 6 9 11 
Case #81: 6 3 3 6 6 9 14 
Case #82: 5 1 1 1 2 36 
Case #83: 6 6 6 6 7 8 8 
Case #84: 6 1 1 3 8 11 17 
Case #85: 7 3 3 5 5 5 6 14 
Case #86: 4 2 7 8 24 
Case #87: 8 2 3 4 4 4 5 8 11 
Case #88: 5 1 1 6 16 17 
Case #89: -1
Case #90: 5 3 3 6 7 22 
Case #91: 5 1 4 5 12 19 
Case #92: 7 1 1 1 1 1 1 35 
Case #93: 4 3 4 12 22 
Case #94: 4 1 3 8 29 
Case #95: -1
Case #96: 6 1 3 7 7 7 16 
Case #97: 7 3 3 5 6 7 7 10 
Case #98: -1
Case #99: -1
Case #100: -1
Case #101: -1
Case #102: 7 3 4 6 6 6 7 9 
Case #103: 13 1 1 1 1 1 1 1 1 1 1 5 7 19 
Case #104: 7 4 4 4 4 6 7 12 
Case #105: -1
Case #106: 7 1 1 1 5 5 11 17 
Case #107: 6 3 3 5 7 8 15 
Case #108: 6 5 5 7 8 8 8 
Case #109: 7 4 4 4 4 7 9 9 
Case #110: -1
Case #111: 7 4 4 4 5 5 5 14 
Case #112: 7 4 4 4 4 5 6 14 
Case #113: 4 8 10 11 12 
Case #114: 5 4 6 6 12 13 
Case #115: 7 2 3 4 4 4 8 16 
Case #116: 6 1 3 7 8 11 11 
Case #117: 7 4 4 4 6 6 8 9 
Case #118: -1
Case #119: -1
Case #120: 8 4 4 4 5 6 6 6 6 
Case #121: 7 2 4 4 7 8 8 8 
Case #122: 3 6 11 24 
Case #123: -1
Case #124: 3 2 7 32 
Case #125: 7 3 3 4 5 5 10 11 
Case #126: 11 1 1 1 1 1 1 1 1 1 2 30 
Case #127: 5 3 4 6 14 14 
Case #128: 6 4 4 4 8 9 12 
Case #129: 7 3 4 4 7 7 8 8 
Case #130: 16 1 1 1 1 1 1 1 1 1 1 1 1 1 1 4 23 
Case #131: 6 3 4 6 6 7 15 
Case #132: 7 5 5 5 6 6 6 8 
Case #133: -1
Case #134: -1
Case #135: 5 1 5 10 10 15 
Case #136: -1
Case #137: 8 3 3 4 5 5 6 6 9 
Case #138: 7 3 3 5 6 6 9 9 
Case #139: 4 4 10 11 16 
Case #140: 5 4 4 7 10 16 
Case #141: 4 7 8 12 14 
Case #142: -1
Case #143: 6 5 6 6 8 8 8 
Case #144: 4 4 4 6 27 
Case #145: 5 7 7 8 9 10 
Case #146: -1
Case #147: 5 6 6 6 8 15 
Case #148: 8 1 1 1 1 1 1 3 32 
Case #149: 6 3 5 7 7 9 10 
Case #150: -1
Case #151: 6 5 5 5 5 9 12 
Case #152: 7 3 4 5 5 5 8 11 
Case #153: 5 4 5 7 12 13 
Case #154: 6 2 4 5 5 12 13 
Case #155: 3 1 2 38 
Case #156: 6 3 3 4 6 12 13 
Case #157: 7 3 4 4 6 7 7 10 
Case #158: 5 1 1 3 17 19 
Case #159: 5 3 3 6 13 16 
Case #160: -1
Case #161: 12 1 1 1 1 1 1 1 1 1 1 2 29 
Case #162: 7 3 4 4 5 5 10 10 
Case #163: 8 3 4 4 4 4 6 6 10 
Case #164: 6 3 5 5 5 11 12 
Case #165: 4 8 8 10 15 
Case #166: 6 3 3 5 9 10 11 
Case #167: 14 1 1 1 1 1 1 1 1 1 1 1 1 2 27 
Case #168: 21 1 1 1 1 1 1 1 1 1 1 1 1 1 1 1 1 1 1 1 3 19 
Case #169: 7 4 4 4 5 6 8 10 
Case #170: 5 5 6 8 8 14 
Case #171: 4 3 11 11 16 
Case #172: 36 1 1 1 1 1 1 1 1 1 1 1 1 1 1 1 1 1 1 1 1 1 1 1 1 1 1 1 1 1 1 1 1 1 1 1 6 
Case #173: 3 11 12 18 
Case #174: 6 1 1 1 1 3 34 
Case #175: -1
Case #176: 6 4 4 4 5 9 15 
Case #177: 4 3 10 10 18 
Case #178: 18 1 1 1 1 1 1 1 1 1 1 1 1 1 1 1 1 1 24 
Case #179: -1
Case #180: -1
Case #181: -1
Case #182: -1
Case #183: -1
Case #184: 6 1 4 4 4 12 16 
Case #185: 6 2 3 4 8 8 16 
Case #186: 4 4 6 9 22 
Case #187: 7 2 4 5 7 7 8 8 
Case #188: 6 2 4 4 7 8 16 
Case #189: 5 3 5 5 10 18 
Case #190: 6 4 6 6 7 9 9 
Case #191: 5 2 3 9 10 17 
Case #192: 7 3 3 4 5 7 7 12 
Case #193: 22 1 1 1 1 1 1 1 1 1 1 1 1 1 1 1 1 1 1 1 1 1 20 
Case #194: 6 3 6 6 6 9 11 
Case #195: -1
Case #196: 6 4 4 4 6 9 14 
Case #197: -1
Case #198: 4 1 3 10 27 
Case #199: 15 1 1 1 1 1 1 1 1 1 1 1 1 1 1 27 
Case #200: 6 3 3 7 8 9 11 
Case #201: 3 5 12 24 
Case #202: 4 8 9 12 12 
Case #203: -1
Case #204: 6 2 5 7 8 8 11 
Case #205: 5 3 3 7 14 14 
Case #206: -1
Case #207: 3 9 14 18 
Case #208: 21 1 1 1 1 1 1 1 1 1 1 1 1 1 1 1 1 1 1 1 1 21 
Case #209: 23 1 1 1 1 1 1 1 1 1 1 1 1 1 1 1 1 1 1 1 1 1 3 17 
Case #210: 6 3 5 6 6 9 12 
Case #211: 6 4 4 5 6 9 13 
Case #212: 7 3 4 4 4 7 7 12 
Case #213: 7 4 4 5 5 7 8 8 
Case #214: 13 1 1 1 1 1 1 1 1 1 1 1 2 28 
Case #215: -1
Case #216: 8 3 3 3 3 5 5 9 10 
Case #217: 6 1 1 3 3 10 23 
Case #218: -1
Case #219: 10 3 3 3 3 3 3 5 6 6 6 
Case #220: 8 3 3 5 5 6 6 6 7 
Case #221: -1
Case #222: 4 6 11 12 12 
Case #223: 6 1 1 1 1 1 36 
Case #224: 3 8 9 24 
Case #225: 5 2 3 9 9 18 
Case #226: -1
Case #227: 5 5 5 6 11 14 
Case #228: -1
Case #229: -1
Case #230: 8 2 3 4 4 4 8 8 8 
Case #231: 6 3 3 7 9 9 10 
Case #232: -1
Case #233: 4 4 8 8 21 
Case #234: 5 6 6 6 10 13 
Case #235: 7 1 1 3 3 3 5 25 
Case #236: 4 6 9 10 16 
Case #237: -1
Case #238: 6 6 6 6 6 6 11 
Case #239: 5 1 3 6 9 22 
Case #240: -1
Case #241: 12 1 1 1 1 1 1 1 1 1 1 3 28 
Case #242: 4 4 6 7 24 
Case #243: 8 1 1 3 3 5 5 10 13 
Case #244: -1
Case #245: 7 1 1 1 1 1 4 32 
Case #246: 3 6 17 18 
Case #247: 7 3 3 4 4 6 10 11 
Case #248: 7 2 3 4 8 8 8 8 
Case #249: 9 3 3 4 4 4 4 4 5 10 
Case #250: -1
Case #251: 8 2 4 4 5 5 5 6 10 
Case #252: 6 1 3 3 5 10 19 
Case #253: 6 3 3 5 5 12 13 
Case #254: 5 5 5 5 12 14 
Case #255: 4 2 6 12 21 
Case #256: 7 3 3 3 5 6 10 11 
Case #257: 8 1 1 1 1 1 1 4 31 
Case #258: 39 1 1 1 1 1 1 1 1 1 1 1 1 1 1 1 1 1 1 1 1 1 1 1 1 1 1 1 1 1 1 1 1 1 1 1 1 1 1 3 
Case #259: 5 3 5 7 10 16 
Case #260: 6 3 4 4 5 11 14 
Case #261: 5 5 7 7 10 12 
Case #262: 8 3 4 4 4 4 4 9 9 
Case #263: 9 2 3 4 4 5 5 5 5 8 
Case #264: 19 1 1 1 1 1 1 1 1 1 1 1 1 1 1 1 1 1 7 17 
Case #265: 3 5 17 19 
Case #266: 5 3 3 3 7 25 
Case #267: 5 3 8 9 9 12 
Case #268: 6 1 2 4 5 13 16 
Case #269: -1
Case #270: 9 1 1 1 1 1 1 1 7 27 
Case #271: 3 10 13 18 
Case #272: 4 6 8 9 18 
Case #273: 6 3 4 4 5 12 13 
Case #274: 4 4 5 16 16 
Case #275: 5 4 4 6 6 21 
Case #276: 5 6 6 9 10 10 
Case #277: 3 4 5 32 
Case #278: 11 1 1 1 1 1 1 1 1 1 4 28 
Case #279: 5 4 4 7 9 17 
Case #280: 7 3 4 4 4 5 8 13 
Case #281: 4 3 5 6 27 
Case #282: 6 1 4 4 4 8 20 
Case #283: -1
Case #284: 5 3 4 8 8 18 
Case #285: 5 6 6 7 7 15 
Case #286: 6 4 6 6 7 8 10 
Case #287: 4 3 7 8 23 
Case #288: 38 1 1 1 1 1 1 1 1 1 1 1 1 1 1 1 1 1 1 1 1 1 1 1 1 1 1 1 1 1 1 1 1 1 1 1 1 1 4 
Case #289: 4 1 1 1 38 
Case #290: 24 1 1 1 1 1 1 1 1 1 1 1 1 1 1 1 1 1 1 1 1 1 1 1 18 
Case #291: 8 2 4 4 5 5 5 8 8 
Case #292: 11 1 4 4 4 4 4 4 4 4 4 4 
Case #293: 6 3 7 7 7 8 9 
Case #294: -1
Case #295: -1
Case #296: 6 3 4 4 6 9 15 
Case #297: 6 1 1 1 1 5 32 
Case #298: 8 3 3 3 5 6 6 6 9 
Case #299: 5 3 5 5 14 14 
Case #300: 5 5 6 7 8 15 
Case #301: 32 1 1 1 1 1 1 1 1 1 1 1 1 1 1 1 1 1 1 1 1 1 1 1 1 1 1 1 1 1 1 1 10 
Case #302: 6 5 6 6 6 6 12 
Case #303: -1
Case #304: 7 4 5 6 6 6 6 8 
Case #305: 5 1 2 7 10 21 
Case #306: -1
Case #307: 19 1 1 1 1 1 1 1 1 1 1 1 1 1 1 1 1 1 5 19 
Case #308: 16 1 1 1 1 1 1 1 1 1 1 1 1 1 1 5 22 
Case #309: 6 1 1 1 1 2 35 
Case #310: 8 3 3 4 4 5 6 6 10 
Case #311: 4 5 6 8 22 
Case #312: 5 4 5 6 6 20 
Case #313: 4 4 9 14 14 
Case #314: 9 3 3 3 3 3 3 6 7 10 
Case #315: 6 3 3 6 6 11 12 
Case #316: 7 4 4 4 6 6 7 10 
Case #317: 4 3 6 16 16 
Case #318: 6 1 3 3 10 11 13 
Case #319: 5 2 7 8 8 16 
Case #320: -1
Case #321: 5 2 3 5 8 23 
Case #322: -1
Case #323: 6 5 5 5 6 8 12 
Case #324: 8 3 4 4 4 5 5 6 10 
Case #325: 7 4 5 5 5 6 8 8 
Case #326: 5 3 6 6 9 17 
Case #327: 6 4 4 6 6 7 14 
Case #328: 3 1 17 23 
Case #329: 6 1 4 4 4 14 14 
Case #330: 7 4 4 4 4 5 5 15 
Case #331: 7 4 4 5 6 6 8 8 
Case #332: 7 3 3 4 5 5 9 12 
Case #333: 6 2 3 3 3 3 27 
Case #334: 7 2 3 5 5 7 8 11 
Case #335: 4 4 6 10 21 
Case #336: 7 3 4 5 6 6 7 10 
Case #337: 4 7 7 11 16 
Case #338: -1
Case #339: 3 6 15 20 
Case #340: 7 3 4 5 7 7 7 8 
Case #341: 21 1 1 1 1 1 1 1 1 1 1 1 1 1 1 1 1 1 1 1 11 11 
Case #342: 5 5 5 5 8 18 
Case #343: 7 2 3 4 4 7 8 13 
Case #344: -1
Case #345: 6 4 5 5 8 8 11 
Case #346: 5 3 4 5 12 17 
Case #347: 7 1 1 1 1 1 3 33 
Case #348: -1
Case #349: 6 4 4 6 6 9 12 
Case #350: 4 5 10 12 14 
Case #351: 5 3 8 8 11 11 
Case #352: 6 4 4 6 7 9 11 
Case #353: 6 2 5 5 8 8 13 
Case #354: 6 4 4 4 5 8 16 
Case #355: 5 5 6 9 9 12 
Case #356: 6 1 3 3 7 10 17 
Case #357: 6 3 6 6 6 6 14 
Case #358: 6 3 3 7 7 9 12 
Case #359: 5 4 4 5 9 19 
Case #360: 7 3 3 4 7 7 7 10 
Case #361: 8 3 4 4 4 5 6 6 9 
Case #362: 5 3 5 7 8 18 
Case #363: 8 3 4 4 4 4 5 7 10 
Case #364: 6 3 5 7 7 7 12 
Case #365: 7 5 6 6 6 6 6 6 
Case #366: 6 4 5 5 7 8 12 
Case #367: 5 1 3 5 5 27 
Case #368: 7 1 3 3 3 3 3 25 
Case #369: 5 4 5 6 11 15 
Case #370: 6 3 3 3 3 10 19 
Case #371: 5 6 6 8 9 12 
Case #372: -1
Case #373: 6 3 3 5 7 10 13 
Case #374: -1
Case #375: 7 4 5 5 5 6 6 10 
Case #376: 7 4 4 4 4 5 8 12 
Case #377: 6 4 5 5 9 9 9 
Case #378: -1
Case #379: 6 5 6 6 6 7 11 
Case #380: -1
Case #381: -1
Case #382: -1
Case #383: 8 3 4 4 5 6 6 6 7 
Case #384: 4 1 1 3 36 
Case #385: 22 1 1 1 1 1 1 1 1 1 1 1 1 1 1 1 1 1 1 1 1 7 14 
Case #386: 25 1 1 1 1 1 1 1 1 1 1 1 1 1 1 1 1 1 1 1 1 1 1 1 1 17 
Case #387: -1
Case #388: 5 5 5 9 10 12 
Case #389: 5 4 5 7 7 18 
Case #390: -1
Case #391: 6 2 3 5 7 11 13 
Case #392: 18 1 1 1 1 1 1 1 1 1 1 1 1 1 1 1 1 2 23 
Case #393: 6 2 3 5 5 5 21 
Case #394: 3 7 10 24 
Case #395: -1
Case #396: 3 6 16 19 
Case #397: 7 3 4 4 6 6 9 9 
Case #398: 9 3 3 3 3 3 5 5 6 10 
Case #399: 8 3 3 5 5 5 5 5 10 
Case #400: 6 2 3 6 9 10 11 
Case #401: -1
Case #402: -1
Case #403: 4 5 9 11 16 
Case #404: 6 4 4 5 6 10 12 
Case #405: 13 1 1 1 1 1 1 1 1 1 1 1 1 29 
Case #406: 6 1 1 5 5 13 16 
Case #407: -1
Case #408: -1
Case #409: 8 3 3 3 3 3 5 10 11 
Case #410: 40 1 1 1 1 1 1 1 1 1 1 1 1 1 1 1 1 1 1 1 1 1 1 1 1 1 1 1 1 1 1 1 1 1 1 1 1 1 1 1 2 
Case #411: 9 1 1 1 1 1 1 1 2 32 
Case #412: 5 1 1 1 3 35 
Case #413: -1
Case #414: 5 6 7 8 10 10 
Case #415: 4 4 6 13 18 
Case #416: 6 2 4 4 9 11 11 
Case #417: 3 1 10 30 
Case #418: -1
Case #419: 5 4 4 5 8 20 
Case #420: 8 2 4 4 4 4 7 7 9 
Case #421: 5 1 1 2 5 32 
Case #422: -1
Case #423: 6 5 6 7 7 8 8 
Case #424: 8 1 1 1 1 1 3 16 17 
Case #425: 5 1 10 10 10 10 
Case #426: -1
Case #427: 6 1 4 5 5 10 16 
Case #428: 6 3 4 4 8 11 11 
Case #429: 7 3 5 5 5 5 6 12 
Case #430: 20 1 1 1 1 1 1 1 1 1 1 1 1 1 1 1 1 1 1 2 21 
Case #431: -1
Case #432: 41 1 1 1 1 1 1 1 1 1 1 1 1 1 1 1 1 1 1 1 1 1 1 1 1 1 1 1 1 1 1 1 1 1 1 1 1 1 1 1 1 1 
Case #433: 5 4 6 6 11 14 
Case #434: 35 1 1 1 1 1 1 1 1 1 1 1 1 1 1 1 1 1 1 1 1 1 1 1 1 1 1 1 1 1 1 1 1 1 1 7 
Case #435: 4 4 7 10 20 
Case #436: 9 3 4 4 4 4 4 5 5 8 
Case #437: 5 5 6 9 10 11 
Case #438: 3 10 10 21 
Case #439: 5 3 4 6 13 15 
Case #440: 7 4 5 5 6 6 7 8 
Case #441: 25 1 1 1 1 1 1 1 1 1 1 1 1 1 1 1 1 1 1 1 1 1 1 1 5 13 
Case #442: 6 3 5 6 6 7 14 
Case #443: -1
Case #444: 4 3 4 14 20 
Case #445: 6 3 5 5 7 9 12 
Case #446: 7 4 4 5 5 5 6 12 
Case #447: 15 1 1 1 1 1 1 1 1 1 1 1 1 1 5 23 
Case #448: 5 1 4 4 8 24 
Case #449: -1
Case #450: 5 3 6 7 12 13 
Case #451: 7 3 3 4 4 9 9 9 
Case #452: 6 2 3 7 8 8 13 
Case #453: -1
Case #454: 10 1 4 4 4 4 4 4 4 4 8 
Case #455: 6 3 4 6 6 6 16 
Case #456: 9 1 1 1 1 1 1 1 4 30 
Case #457: 5 5 6 7 11 12 
Case #458: 9 3 3 3 3 3 4 4 9 9 
Case #459: 5 3 5 5 6 22 
Case #460: 4 6 8 11 16 
Case #461: -1
Case #462: -1
Case #463: 4 7 9 10 15 
Case #464: 19 1 1 1 1 1 1 1 1 1 1 1 1 1 1 1 1 1 4 20 
Case #465: 5 6 6 8 8 13 
Case #466: 3 12 14 15 
Case #467: 4 1 11 14 15 
Case #468: 5 5 8 8 8 12 
Case #469: -1
Case #470: 9 3 3 3 4 5 5 6 6 6 
Case #471: -1
Case #472: -1
Case #473: 6 4 5 5 5 6 16 
Case #474: 6 4 4 6 9 9 9 
Case #475: 3 6 10 25 
Case #476: 6 4 6 6 8 8 9 
Case #477: -1
Case #478: -1
Case #479: 5 3 4 8 9 17 
Case #480: 6 4 4 6 6 10 11 
Case #481: -1
Case #482: 4 2 6 16 17 
Case #483: 7 3 4 4 4 5 9 12 
Case #484: 6 4 4 4 6 10 13 
Case #485: -1
Case #486: 4 3 4 10 24 
Case #487: 2 5 36 
Case #488: 7 4 4 4 4 5 10 10 
Case #489: 4 3 8 9 21 
Case #490: 6 4 5 6 7 7 12 
Case #491: 6 4 4 5 5 7 16 
Case #492: 5 6 8 8 8 11 
Case #493: 9 3 3 3 3 4 4 5 7 9 
Case #494: 5 1 1 1 6 32 
Case #495: -1
Case #496: -1
Case #497: -1
Case #498: 5 1 4 5 5 26 
Case #499: 5 4 4 6 9 18 
Case #500: 5 3 3 3 5 27 
Case #501: 6 4 5 5 6 6 15 
Case #502: 8 3 3 3 4 4 6 9 9 
Case #503: 4 4 11 12 14 
Case #504: -1
Case #505: 4 2 4 14 21 
Case #506: 4 3 7 10 21 
Case #507: -1
Case #508: 4 6 6 9 20 
Case #509: 26 1 1 1 1 1 1 1 1 1 1 1 1 1 1 1 1 1 1 1 1 1 1 1 1 1 16 
Case #510: 6 4 6 6 6 7 12 
Case #511: 8 3 3 4 5 5 5 6 10 
Case #512: 7 4 4 5 5 7 7 9 
Case #513: 5 2 4 8 11 16 
Case #514: 4 3 8 12 18 
Case #515: -1
Case #516: 5 5 6 8 10 12 
Case #517: 7 3 3 4 4 5 9 13 
Case #518: 29 1 1 1 1 1 1 1 1 1 1 1 1 1 1 1 1 1 1 1 1 1 1 1 1 1 1 1 7 7 
Case #519: -1
Case #520: -1
Case #521: -1
Case #522: 3 3 6 32 
Case #523: 28 1 1 1 1 1 1 1 1 1 1 1 1 1 1 1 1 1 1 1 1 1 1 1 1 1 1 1 14 
Case #524: 3 3 16 22 
Case #525: 9 3 3 3 3 3 5 6 6 9 
Case #526: 6 4 4 5 7 7 14 
Case #527: 8 3 4 4 4 4 4 6 12 
Case #528: 8 3 4 4 5 5 5 6 9 
Case #529: 3 2 9 30 
Case #530: 8 4 4 4 4 4 6 6 9 
Case #531: -1
Case #532: 5 4 4 7 11 15 
Case #533: 5 1 1 1 19 19 
Case #534: 6 2 3 4 5 8 19 
Case #535: 6 4 4 5 6 6 16 
Case #536: 6 4 5 6 6 8 12 
Case #537: -1
Case #538: 2 20 21 
Case #539: 13 1 1 1 1 1 1 1 1 1 1 7 11 13 
Case #540: 8 3 3 3 5 5 6 6 10 
Case #541: 17 1 1 1 1 1 1 1 1 1 1 1 1 1 1 1 2 24 
Case #542: 4 1 1 7 32 
Case #543: 7 3 3 4 7 7 8 9 
Case #544: -1
Case #545: 4 1 1 2 37 
Case #546: -1
Case #547: 6 2 3 3 5 7 21 
Case #548: 4 4 5 11 21 
Case #549: 9 3 3 4 4 4 5 6 6 6 
Case #550: 7 4 5 5 5 5 5 12 
Case #551: 9 3 3 4 4 4 4 5 5 9 
Case #552: 4 1 7 16 17 
Case #553: 5 3 3 4 13 18 
Case #554: 6 3 4 4 5 8 17 
Case #555: 7 3 4 4 5 5 6 14 
Case #556: 4 5 9 9 18 
Case #557: 9 3 3 3 4 4 4 4 8 8 
Case #558: 5 1 1 11 14 14 
Case #559: 7 4 4 4 6 7 8 8 
Case #560: 6 4 5 5 6 9 12 
Case #561: 4 3 5 8 25 
Case #562: 5 6 6 9 9 11 
Case #563: 10 2 3 4 4 4 4 4 4 4 8 
Case #564: 5 1 1 2 9 28 
Case #565: 6 3 5 6 6 10 11 
Case #566: 3 10 15 16 
Case #567: 5 1 4 7 8 21 
Case #568: 4 4 4 9 24 
Case #569: 37 1 1 1 1 1 1 1 1 1 1 1 1 1 1 1 1 1 1 1 1 1 1 1 1 1 1 1 1 1 1 1 1 1 1 1 1 5 
Case #570: 5 3 5 5 8 20 
Case #571: 16 1 1 1 1 1 1 1 1 1 1 1 1 1 1 6 21 
Case #572: 5 5 5 5 10 16 
Case #573: 5 5 6 6 6 18 
Case #574: -1
Case #575: 6 3 3 4 8 11 12 
Case #576: 5 5 5 8 8 15 
Case #577: -1
Case #578: 3 4 9 28 
Case #579: 4 5 7 9 20 
Case #580: 13 1 1 1 1 1 1 1 1 1 1 1 3 27 
Case #581: 7 4 4 4 5 5 7 12 
Case #582: -1
Case #583: 5 6 6 7 9 13 
Case #584: 4 5 8 12 16 
Case #585: 6 3 7 7 8 8 8 
Case #586: -1
Case #587: 7 3 4 5 5 6 9 9 
Case #588: 6 3 3 6 6 10 13 
Case #589: -1
Case #590: -1
Case #591: 4 1 4 11 25 
Case #592: 3 2 3 36 
Case #593: 6 6 6 6 6 7 10 
Case #594: 5 4 5 5 9 18 
Case #595: 9 3 3 3 4 4 5 5 5 9 
Case #596: 4 1 1 5 34 
Case #597: 13 1 1 1 1 1 1 1 1 1 1 1 4 26 
Case #598: 6 5 5 5 7 9 10 
Case #599: -1
Case #600: 5 4 4 6 7 20 
Case #601: 3 9 12 20 
Case #602: 4 2 3 4 32 
Case #603: 6 4 6 7 8 8 8 
Case #604: 4 2 9 12 18 
Case #605: 10 1 1 1 1 1 1 1 1 3 30 
Case #606: 3 6 14 21 
Case #607: 5 6 7 8 8 12 
Case #608: 8 3 4 4 4 5 5 7 9 
Case #609: -1
Case #610: 7 5 5 6 6 6 6 7 
Case #611: 8 3 4 4 4 4 7 7 8 
Case #612: 7 4 4 5 6 6 7 9 
Case #613: 6 3 5 7 7 8 11 
Case #614: 16 1 1 1 1 1 1 1 1 1 1 1 1 1 1 2 25 
Case #615: 19 1 1 1 1 1 1 1 1 1 1 1 1 1 1 1 1 1 2 22 
Case #616: -1
Case #617: -1
Case #618: 5 3 6 9 11 12 
Case #619: 7 3 4 5 5 6 6 12 
Case #620: 6 2 3 3 5 13 15 
Case #621: 9 3 3 3 3 5 6 6 6 6 
Case #622: 8 4 4 4 4 4 5 7 9 
Case #623: 5 5 5 6 9 16 
Case #624: 7 3 3 3 6 7 9 10 
Case #625: 5 2 3 3 16 17 
Case #626: 5 3 5 6 6 21 
Case #627: 6 6 6 6 6 8 9 
Case #628: -1
Case #629: 4 3 7 12 19 
Case #630: 10 1 1 1 1 1 1 1 1 2 31 
Case #631: 5 4 6 6 9 16 
Case #632: 7 4 4 4 6 7 7 9 
Case #633: -1
Case #634: 6 4 4 4 4 5 20 
Case #635: 6 4 4 5 6 7 15 
Case #636: 10 1 1 1 1 1 1 1 1 4 29 
Case #637: 6 3 3 3 10 11 11 
Case #638: 6 5 5 6 6 6 13 
Case #639: 4 4 8 9 20 
Case #640: -1
Case #641: 4 3 3 3 32 
Case #642: 15 1 1 1 1 1 1 1 1 1 1 1 1 1 2 26 
Case #643: 4 3 5 12 21 
Case #644: 6 4 5 5 7 10 10 
Case #645: 8 3 3 4 4 4 6 7 10 
Case #646: 9 2 3 4 4 4 4 4 8 8 
Case #647: 6 2 3 5 5 11 15 
Case #648: 8 3 3 3 4 6 6 7 9 
Case #649: 8 2 3 4 5 5 7 7 8 
Case #650: -1
Case #651: 34 1 1 1 1 1 1 1 1 1 1 1 1 1 1 1 1 1 1 1 1 1 1 1 1 1 1 1 1 1 1 1 1 1 8 
Case #652: 6 1 1 4 7 8 20 
Case #653: -1
Case #654: -1
Case #655: 6 4 4 5 6 8 14 
Case #656: -1
Case #657: -1
Case #658: -1
Case #659: 4 6 10 10 15 
Case #660: 6 4 5 5 5 10 12 
Case #661: 5 1 2 5 16 17 
Case #662: 5 3 3 5 5 25 
Case #663: 4 3 3 16 19 
Case #664: 4 1 3 7 30 
Case #665: 6 3 5 5 7 8 13 
Case #666: 4 2 4 10 25 
Case #667: 6 4 4 5 8 8 12 
Case #668: 4 7 7 9 18 
Case #669: -1
Case #670: 7 4 4 4 4 4 9 12 
Case #671: 3 5 9 27 
Case #672: 5 1 4 7 13 16 
Case #673: 6 1 1 1 7 9 22 
Case #674: 6 4 4 4 7 7 15 
Case #675: 4 1 2 14 24 
Case #676: 7 4 4 4 5 6 6 12 
Case #677: 17 1 1 1 1 1 1 1 1 1 1 1 1 1 1 1 3 23 
Case #678: -1
Case #679: 23 1 1 1 1 1 1 1 1 1 1 1 1 1 1 1 1 1 1 1 1 1 7 13 
Case #680: 7 2 4 4 4 7 9 11 
Case #681: 6 4 4 6 6 6 15 
Case #682: -1
Case #683: 4 7 10 10 14 
Case #684: 5 5 5 6 12 13 
Case #685: 8 3 4 4 4 4 5 5 12 
Case #686: 4 7 8 8 18 
Case #687: 4 2 5 12 22 
Case #688: 4 2 11 14 14 
Case #689: 5 4 7 7 7 16 
Case #690: 7 4 4 4 4 8 8 9 
Case #691: 8 1 1 3 3 3 3 9 18 
Case #692: 8 3 3 3 3 3 8 9 9 
Case #693: 6 3 5 6 6 6 15 
Case #694: 10 3 3 3 3 3 3 3 5 5 10 
Case #695: -1
Case #696: 4 4 5 12 20 
Case #697: 6 1 8 8 8 8 8 
Case #698: 13 1 1 1 1 1 1 1 1 1 1 1 5 25 
Case #699: 5 1 1 1 1 37 
Case #700: 6 5 5 6 7 9 9 
Case #701: -1
Case #702: 4 3 8 13 17 
Case #703: 6 5 6 6 6 8 10 
Case #704: -1
Case #705: 8 3 5 5 5 5 6 6 6 
Case #706: 12 1 1 1 1 1 1 1 1 1 1 1 30 
Case #707: 6 3 5 5 5 7 16 
Case #708: -1
Case #709: 5 3 3 10 11 14 
Case #710: 6 2 3 3 3 15 15 
Case #711: 8 4 4 4 4 5 5 6 9 
Case #712: 4 3 8 11 19 
Case #713: 21 1 1 1 1 1 1 1 1 1 1 1 1 1 1 1 1 1 1 1 9 13 
Case #714: 5 6 7 9 9 10 
Case #715: 6 1 1 1 2 17 19 
Case #716: 4 7 8 10 16 
Case #717: -1
Case #718: 10 3 3 3 3 3 3 3 3 8 9 
Case #719: 5 8 8 8 8 9 
Case #720: -1
Case #721: 8 4 4 4 4 4 5 8 8 
Case #722: 5 3 6 6 6 20 
Case #723: 5 4 4 5 14 14 
Case #724: -1
Case #725: 3 2 6 33 
Case #726: 8 3 3 5 6 6 6 6 6 
Case #727: 4 4 5 6 26 
Case #728: 4 3 3 10 25 
Case #729: 4 6 7 10 18 
Case #730: 5 3 6 6 11 15 
Case #731: 5 4 6 7 9 15 
Case #732: 4 3 11 12 15 
Case #733: 7 4 5 6 6 6 7 7 
Case #734: 25 1 1 1 1 1 1 1 1 1 1 1 1 1 1 1 1 1 1 1 1 1 1 1 3 15 
Case #735: 7 3 3 5 6 6 6 12 
Case #736: 5 2 3 8 11 17 
Case #737: -1
Case #738: 11 1 1 1 1 1 1 1 1 1 1 31 
Case #739: 3 9 16 16 
Case #740: 4 9 10 10 12 
Case #741: 8 3 4 4 6 6 6 6 6 
Case #742: 7 1 1 1 5 7 7 19 
Case #743: 6 2 5 7 7 10 10 
Case #744: 8 1 1 1 1 1 1 1 34 
Case #745: 5 3 4 11 11 12 
Case #746: 6 3 6 6 7 7 12 
Case #747: 8 3 4 5 5 6 6 6 6 
Case #748: 8 3 4 4 5 5 5 7 8 
Case #749: 5 3 4 7 13 14 
Case #750: -1
Case #751: 6 3 3 3 9 10 13 
Case #752: 5 5 6 6 9 15 
Case #753: 7 2 4 4 4 6 10 11 
Case #754: 4 1 7 9 24 
Case #755: 10 3 3 3 3 3 4 4 4 5 9 
Case #756: 4 3 9 11 18 
Case #757: 6 3 3 4 4 10 17 
Case #758: 7 4 4 4 4 5 9 11 
Case #759: 6 2 3 4 8 11 13 
Case #760: 6 3 4 4 8 9 13 
Case #761: -1
Case #762: -1
Case #763: 6 2 3 3 6 11 16 
Case #764: 6 3 3 7 7 10 11 
Case #765: 6 3 3 5 7 11 12 
Case #766: 3 7 14 20 
Case #767: 7 4 4 5 5 6 7 10 
Case #768: -1
Case #769: 4 10 10 10 11 
Case #770: 4 5 8 8 20 
Case #771: 4 1 5 16 19 
Case #772: 21 1 1 1 1 1 1 1 1 1 1 1 1 1 1 1 1 1 1 1 5 17 
Case #773: 13 1 1 1 1 1 1 1 1 1 1 3 7 21 
Case #774: 5 1 4 4 9 23 
Case #775: 5 3 7 8 9 14 
Case #776: 5 4 5 7 9 16 
Case #777: 9 4 4 4 4 4 4 4 4 9 
Case #778: 6 5 6 6 6 9 9 
Case #779: 5 4 7 10 10 10 
Case #780: 7 4 4 5 5 5 9 9 
Case #781: 7 3 3 5 5 5 8 12 
Case #782: 8 4 4 5 5 5 6 6 6 
Case #783: 8 4 4 4 4 5 6 6 8 
Case #784: 5 4 5 8 8 16 
Case #785: 16 1 1 1 1 1 1 1 1 1 1 1 1 1 1 1 26 
Case #786: 6 4 5 6 6 9 11 
Case #787: 9 1 1 1 1 1 1 1 1 33 
Case #788: -1
Case #789: 6 4 4 4 4 10 15 
Case #790: -1
Case #791: 7 4 6 6 6 6 6 7 
Case #792: 7 4 4 6 6 6 7 8 
Case #793: 8 1 1 1 1 1 3 7 26 
Case #794: 8 3 4 4 5 5 5 5 10 
Case #795: -1
Case #796: 6 3 6 6 7 9 10 
Case #797: 8 3 3 3 3 6 6 7 10 
Case #798: 3 5 6 30 
Case #799: 6 1 2 7 10 10 11 
Case #800: -1
Case #801: 7 5 5 5 5 6 6 9 
Case #802: 6 3 5 6 9 9 9 
Case #803: -1
Case #804: 6 3 4 7 8 8 11 
Case #805: 4 8 8 9 16 
Case #806: 4 5 8 10 18 
Case #807: 5 7 7 7 10 10 
Case #808: 6 4 5 5 6 7 14 
Case #809: 5 3 3 3 14 18 
Case #810: -1
Case #811: -1
Case #812: 5 3 6 7 7 18 
Case #813: 6 1 1 1 3 16 19 
Case #814: 5 4 5 6 8 18 
Case #815: 4 6 6 11 18 
Case #816: 7 3 5 5 6 6 7 9 
Case #817: 6 3 4 6 7 7 14 
Case #818: 5 6 7 7 9 12 
Case #819: 6 2 3 4 7 8 17 
Case #820: 7 2 3 7 7 7 7 8 
Case #821: 8 3 3 3 3 5 7 7 10 
Case #822: 4 6 6 10 19 
Case #823: 6 5 5 6 6 7 12 
Case #824: 5 4 4 4 8 21 
Case #825: 6 3 4 6 6 9 13 
Case #826: 4 3 5 13 20 
Case #827: 4 1 5 17 18 
Case #828: 8 3 3 3 5 5 5 7 10 
Case #829: 6 2 7 8 8 8 8 
Case #830: -1
Case #831: 20 1 1 1 1 1 1 1 1 1 1 1 1 1 1 1 1 1 1 1 22 
Case #832: 27 1 1 1 1 1 1 1 1 1 1 1 1 1 1 1 1 1 1 1 1 1 1 1 1 1 5 11 
Case #833: 7 3 4 5 6 6 6 11 
Case #834: 7 1 1 1 1 1 17 19 
Case #835: 8 1 1 3 7 7 7 7 8 
Case #836: 3 7 7 27 
Case #837: 6 3 5 5 5 8 15 
Case #838: -1
Case #839: 4 2 7 16 16 
Case #840: 7 1 1 1 1 3 7 27 
Case #841: 7 3 3 4 6 6 7 12 
Case #842: 5 5 5 6 10 15 
Case #843: -1
Case #844: 5 6 6 8 10 11 
Case #845: -1
Case #846: -1
Case #847: -1
Case #848: 6 5 5 6 6 8 11 
Case #849: 4 5 9 12 15 
Case #850: 8 2 4 4 4 4 6 7 10 
Case #851: 3 5 18 18 
Case #852: 6 3 3 8 9 9 9 
Case #853: 3 8 8 25 
Case #854: 5 1 4 4 11 21 
Case #855: 7 3 4 4 5 5 9 11 
Case #856: 19 1 1 1 1 1 1 1 1 1 1 1 1 1 1 1 1 1 3 21 
Case #857: 9 2 3 4 4 4 4 5 7 8 
Case #858: 6 4 4 4 9 9 11 
Case #859: -1
Case #860: 4 5 5 7 24 
Case #861: 5 6 8 8 9 10 
Case #862: -1
Case #863: 4 3 7 13 18 
Case #864: 5 4 4 6 10 17 
Case #865: 4 8 9 10 14 
Case #866: 8 1 1 1 1 1 1 2 33 
Case #867: -1
Case #868: 6 3 4 5 6 7 16 
Case #869: 6 1 2 4 4 5 25 
Case #870: 6 3 4 4 7 9 14 
Case #871: 7 4 4 4 5 6 9 9 
Case #872: 33 1 1 1 1 1 1 1 1 1 1 1 1 1 1 1 1 1 1 1 1 1 1 1 1 1 1 1 1 1 1 1 1 9 
Case #873: 5 6 6 6 11 12 
Case #874: 3 1 3 37 
Case #875: 4 2 3 16 20 
Case #876: 6 3 3 4 10 10 11 
Case #877: 4 5 6 6 24 
Case #878: 8 1 3 3 5 5 7 7 10 
Case #879: 2 1 40 
Case #880: 5 4 4 8 9 16 
Case #881: 5 2 5 5 14 15 
Case #882: 4 4 6 6 25 
Case #883: 8 3 3 3 3 3 3 10 13 
Case #884: 3 10 11 20 
Case #885: 9 3 4 4 4 4 4 4 4 10 
Case #886: -1
Case #887: -1
Case #888: -1
Case #889: -1
Case #890: 6 1 4 4 5 13 14 
Case #891: -1
Case #892: 9 3 4 4 4 4 4 4 5 9 
Case #893: 6 4 4 4 6 11 12 
Case #894: 8 4 4 4 4 4 5 6 10 
Case #895: 5 4 4 4 12 17 
Case #896: -1
Case #897: 5 5 7 8 8 13 
Case #898: 7 4 4 4 5 8 8 8 
Case #899: 5 3 3 4 12 19 
Case #900: -1
Case #901: 10 1 1 1 1 1 1 1 1 1 32 
Case #902: 5 3 4 8 13 13 
Case #903: 7 3 4 4 5 7 9 9 
Case #904: 8 3 5 5 5 5 5 5 8 
Case #905: 7 5 5 5 5 5 8 8 
Case #906: 7 2 3 5 5 5 8 13 
Case #907: 8 4 4 4 4 4 4 5 12 
Case #908: -1
Case #909: 4 2 5 7 27 
Case #910: 6 5 5 6 6 9 10 
Case #911: 5 4 6 7 8 16 
Case #912: 9 1 1 1 1 1 1 3 5 27 
Case #913: 4 3 7 7 24 
Case #914: 6 4 4 6 8 8 11 
Case #915: 5 4 5 6 10 16 
Case #916: 11 1 1 1 1 1 1 1 1 1 3 29 
Case #917: 3 11 13 17 
Case #918: 5 5 6 6 8 16 
Case #919: 7 3 3 6 6 7 7 9 
Case #920: 4 5 7 11 18 
Case #921: 8 4 4 4 5 5 5 5 9 
Case #922: 4 6 8 8 19 
Case #923: 29 1 1 1 1 1 1 1 1 1 1 1 1 1 1 1 1 1 1 1 1 1 1 1 1 1 1 1 1 13 
Case #924: 10 3 3 3 3 3 3 3 3 7 10 
Case #925: -1
Case #926: 15 1 1 1 1 1 1 1 1 1 1 1 1 1 3 25 
Case #927: -1
Case #928: 11 1 1 1 1 1 1 1 1 1 5 27 
Case #929: 7 3 4 4 4 5 10 11 
Case #930: 7 4 5 5 6 6 6 9 
Case #931: -1
Case #932: 7 3 4 5 5 5 5 14 
Case #933: 6 4 6 6 6 8 11 
Case #934: 6 4 4 5 5 11 12 
Case #935: 5 3 5 6 11 16 
Case #936: 4 3 3 8 27 
Case #937: 3 8 12 21 
Case #938: 6 3 3 3 5 10 17 
Case #939: 31 1 1 1 1 1 1 1 1 1 1 1 1 1 1 1 1 1 1 1 1 1 1 1 1 1 1 1 1 1 1 11 
Case #940: 9 1 1 1 1 1 1 1 3 31 
Case #941: 17 1 1 1 1 1 1 1 1 1 1 1 1 1 1 1 4 22 
Case #942: 5 2 3 5 11 20 
Case #943: 5 4 4 7 12 14 
Case #944: 25 1 1 1 1 1 1 1 1 1 1 1 1 1 1 1 1 1 1 1 1 1 1 1 7 11 
Case #945: 5 3 5 8 12 13 
Case #946: 6 4 5 6 8 8 10 
Case #947: 8 2 3 3 3 5 5 5 15 
Case #948: 6 3 3 5 9 9 12 
Case #949: 5 1 1 2 15 22 
Case #950: 3 7 12 22 
Case #951: 7 3 4 4 5 5 8 12 
Case #952: 5 2 4 5 5 25 
Case #953: 4 5 5 10 21 
Case #954: 5 6 6 7 10 12 
Case #955: -1
Case #956: 4 3 5 15 18 
Case #957: 6 4 5 8 8 8 8 
Case #958: 6 5 5 6 7 8 10 
Case #959: 27 1 1 1 1 1 1 1 1 1 1 1 1 1 1 1 1 1 1 1 1 1 1 1 1 1 1 15 
Case #960: 5 6 6 6 9 14 
Case #961: -1
Case #962: 4 1 4 15 21 
Case #963: -1
Case #964: -1
Case #965: 6 4 4 8 8 8 9 
