445
1906
1497
278
3761
3147
4790
4506
3329
3885
6824
503
3101
8436
1022
2097
586
8441
5800
347
5382
211
4338
15
271
2856
714
572
1015
428
2886
9632
2053
1686
2395
7644
1546
1375
2819
2672
909
1140
730
7255
17
6803
7734
2061
3117
9411
924
4454
4050
476
4008
3283
1979
2823
2432
417
1154
3525
2258
3973
1563
2606
315
782
2559
7214
2179
5518
2251
4062
4590
3516
26
4462
8919
5367
6030
747
1571
1219
885
778
1107
539
6585
1893
5514
9
501
411
4660
4762
934
920
1516
4296
5983
2182
5275
4987
4978
4232
895
1445
123
116
1243
5597
1069
6505
3224
153
1773
7510
2137
1707
2083
549
1757
3143
443
1109
367
1251
35
5392
2878
4483
8156
1484
927
476
3894
36
3753
2015
1460
1273
2802
490
485
19
471
3934
3964
953
3253
130
1126
671
3051
4214
1256
661
3252
2324
2402
131
992
1163
4389
6287
530
1844
8492
765
6007
971
6912
896
1919
1195
713
122
1317
623
177
3142
250
2195
3059
3361
9712
2747
6514
4897
5220
143
4785
2382
329
268
593
3543
4076
182
2002
1018
4655
245
465
1916
48
6658
3771
5694
5920
60
67
3557
4652
1549
1169
74
2925
1852
68
1757
427
3756
6882
8448
459
3100
221
3528
423
3974
519
2937
3293
4559
3417
3482
172
2100
434
2051
5641
8180
2658
4142
197
2606
4397
3479
838
2272
3690
160
2999
2341
3912
4856
4343
742
9179
5851
699
1237
1486
1179
1111
5538
7717
27
1153
1922
603
104
1071
1884
581
390
8204
711
1403
2202
3815
926
2114
2626
339
2165
1262
2494
173
2246
1251
1963
2474
6134
3187
1866
2428
1842
4044
64
640
1564
7978
6975
7256
559
3409
854
1725
5296
60
3134
6496
1431
1491
1683
3945
8126
542
2052
3638
4668
2412
2071
2667
2788
7104
2433
6512
4270
1478
885
2260
4265
8915
7058
2404
1113
7264
4892
4254
457
5587
133
413
1079
8377
1641
9254
296
6955
4109
5056
554
2387
2913
192
2646
722
6148
3121
479
5339
2090
891
1389
7756
861
3759
5121
3870
4521
534
37
638
2976
5340
6153
634
4426
5408
717
650
486
1051
2960
632
3195
517
3960
573
1799
615
6144
5746
2432
31
2098
3308
727
622
4684
1972
3223
15
216
3767
3168
1676
3714
3396
2282
6897
3129
2149
1315
4595
2824
5722
142
6081
2059
5808
3939
1605
354
1984
876
851
1610
443
2290
835
4503
215
254
1122
6207
1954
2782
2092
4090
1120
182
4620
1328
6576
1707
6749
4916
3299
1542
2810
6037
6750
7791
1979
689
3681
3141
8583
3968
231
1638
1992
1492
477
998
1055
7685
2897
319
5928
3753
928
393
5305
962
5775
2722
1179
5663
5000
2293
281
3940
4487
6165
2180
2678
584
4544
5064
1519
1771
6137
8287
264
1063
519
2170
6609
665
2394
277
1832
1776
5595
228
321
18
2735
720
5765
1274
3683
3541
451
84
82
418
1290
615
1013
2009
3454
3340
760
456
1818
142
1050
4011
2941
3794
3064
260
693
901
4746
4753
2590
890
3666
7348
726
4481
89
1611
260
6397
2776
286
1915
68
3630
3808
152
2178
2906
1609
77
457
7559
6020
5252
55
187
667
1648
8900
1362
145
4442
1596
66
1083
8353
5342
966
5354
1214
1687
2350
5632
4036
2498
7651
2181
319
3761
2014
5390
880
1858
4148
2589
2550
313
1091
886
7642
8378
5434
5537
1359
2769
3023
1994
2362
1995
2680
589
3320
923
7435
13
4931
636
977
4333
973
4098
1465
4610
1175
711
3913
7825
7699
7022
1500
3405
3723
1204
1621
7324
923
2784
223
711
3862
1986
326
2599
8217
717
9726
2932
3556
773
1698
882
1289
5910
2094
1256
53
2822
6460
5055
3239
5330
286
1360
6661
1641
672
5471
556
286
2717
10300
3351
3375
86
263
143
68
1712
2821
8490
6818
1301
166
1232
4610
4748
1050
2192
4015
5881
1578
1039
1803
1925
3640
1871
233
766
7689
2424
713
1760
362
2751
646
79
2531
522
610
934
2458
340
1110
422
3178
4015
1015
2900
892
5936
837
711
4260
4452
5788
3202
8328
5284
2905
493
68
9963
1270
208
1355
2041
104
6078
4110
312
2657
3843
1223
7825
3003
3010
7757
2826
2264
1829
3675
4988
913
2375
8635
2350
2079
685
5102
3511
1196
480
503
623
4031
958
229
1584
864
1713
522
35
1733
154
1814
3852
926
49
2446
83
3478
7046
1099
617
6174
308
2267
5857
283
2134
973
3138
327
1666
6298
5731
662
2699
820
7064
2116
331
2299
1868
1634
8098
2588
2301
2811
3426
4854
566
1446
6425
888
107
7558
823
3585
100
5536
126
2859
76
1626
154
1884
7407
6657
3342
729
1283
6683
1762
5684
5255
6204
1894
523
4265
4593
4460
3252
3981
2036
2325
2846
2879
5233
1557
1271
4551
1082
901
298
356
2373
1333
51
653
523
184
2298
4974
7108
3166
7019
367
2263
6757
769
658
1159
361
2189
1975
7258
2629
835
2931
7579
1510
3884
396
5733
3067
2707
1377
2754
3073
12
1663
2695
3918
3381
4539
2778
4785
881
3721
3160
2294
4306
3532
6278
5010
219
1906
93
693
65
4584
430
1162
355
2769
6995
3001
2488
2585
470
6060
1405
3117
2263
201
9244
4789
2171
7047
1866
709
6750
6532
519
988
5645
707
2106
3706
1689
2092
1275
3030
999
947
684
805
1381
8429
417
1074
992
1226
1760
67
2206
1330
4997
9038
1013
2866
6629
5593
2134
1060
1419
5725
5544
1310
5100
6105
272
7547
2399
6362
1949
134
2080
3515
48
1233
184
1075
716
5609
6267
373
913
5
1805
47
4632
430
1720
3327
4572
3125
2461
4875
2446
4407
8355
1844
9267
1626
3637
6757
2565
1249
1484
103
1218
6591
1768
664
7495
5220
559
3905
2982
2057
129
390
6838
4590
7069
895
2356
3832
1484
7694
2121
5713
4303
5490
3524
1210
4995
6166
3183
1388
1472
5817
1311
888
171
966
846
554
3706
4166
3732
484
424
9464
865
4654
48
448
2322
7300
2808
2304
1221
6097
905
186
4159
66
5381
3878
1772
1293
7407
846
1675
2486
3206
6089
2506
8141
1133
682
1961
731
6513
751
945
133
1240
1253
2352
4703
1084
81
7144
65
2186
2652
528
7763
5620
496
1036
744
7787
167
784
4928
6728
3558
302
9234
5162
7321
4243
990
1210
236
801
1020
604
1888
3004
4388
5621
8620
1565
1944
1626
984
1100
1840
4650
1155
2754
15
6361
1160
4975
761
924
430
8894
684
402
415
4971
5335
733
5591
2445
207
3236
4877
5018
182
1698
652
24
4142
3751
5946
3664
764
4258
331
9300
6766
113
1153
460
7939
103
823
5741
2725
2304
2718
2215
4089
5360
6958
8249
959
2179
2797
4819
2181
698
1984
694
76
2252
1146
6929
1788
1069
3856
749
1461
537
3400
264
2000
243
1973
893
474
1118
4214
4010
1116
9137
1238
1831
152
4532
4832
36
3603
4608
5880
134
2497
8077
1200
692
368
122
4751
270
2269
3612
2979
3595
1184
6649
999
1069
365
860
3160
4712
4803
1799
5304
5728
5161
560
2861
1425
1544
1082
213
1929
2288
977
1750
1968
870
8877
754
875
3325
1622
1618
8843
1980
15
2629
1748
5866
500
526
471
1568
126
1923
4236
7147
277
2968
33
1848
215
3388
7387
909
2452
852
5409
2747
4637
3577
5282
1600
289
1784
747
1480
553
1537
59
1718
7543
2930
6175
677
407
190
6853
8180
1346
2492
210
2146
7219
2165
345
4370
2428
661
26
4091
1451
868
840
1983
4583
1415
4634
7671
2615
1809
686
1062
5553
112
230
1801
4561
207
2330
649
4203
3446
931
5251
2324
811
4651
7446
2832
261
7644
5852
339
1605
1770
1892
6575
1262
466
232
8322
2456
1320
6667
132
949
773
1664
1043
6081
92
7548
1126
1240
8178
1374
1720
6607
2264
1409
4401
1199
3111
2335
960
4624
222
1619
125
4789
7574
601
2353
886
1550
3276
813
1724
1561
4869
3053
9418
3689
2037
8003
724
5604
3895
1402
1352
803
3977
1723
3884
1539
2205
6107
2103
4108
6590
2494
9877
3144
2036
1823
278
3492
4894
1948
1870
3384
1746
5486
4028
1058
4562
598
657
2090
2077
5052
2140
2838
4715
2313
1423
175
5215
2408
421
2152
5903
2617
2140
952
46
1053
5856
6841
3163
543
144
1391
101
2268
5461
544
402
517
5053
3861
187
6464
467
1131
3552
93
5975
898
1808
7496
1196
7901
651
1876
2659
4113
624
5982
347
4387
3970
370
1545
4246
788
5676
9384
372
2961
132
1837
1284
1325
1054
661
1358
2635
2783
9625
3195
5666
2140
529
2605
7402
2748
860
423
262
1083
3124
4957
1876
3799
1916
985
975
3461
407
6395
1458
776
5947
2630
1582
298
1389
1679
2751
1708
8525
2838
5659
496
1478
892
280
873
3235
452
919
1311
1971
629
6385
293
4357
604
2619
189
250
337
3544
740
3346
5665
117
9521
2321
5512
441
1518
5733
198
2477
4899
1244
3426
2991
822
1401
7244
95
385
256
215
279
451
5031
3989
2913
2168
4326
839
1032
4264
1049
59
9513
3333
4251
55
4818
1513
355
688
536
1606
415
1195
3117
245
1075
2509
1278
274
2499
1493
2199
460
6045
1008
63
4452
1206
5061
2213
1345
304
483
2473
2568
1123
6151
1500
277
7563
3976
2210
6915
642
2211
1195
858
6214
5070
3434
147
3229
1496
2260
52
2456
6650
838
2521
723
600
5513
124
9011
945
4473
170
510
2437
2310
6076
3851
2732
6122
544
135
2774
1583
3740
4083
655
5139
3741
6124
1041
3104
1134
1239
347
4634
1847
2589
206
1828
2033
4559
1096
407
2020
684
9191
1140
6886
2413
4374
6724
27
4723
43
1792
1680
5295
391
6373
123
4587
470
6259
1165
1567
264
3122
1171
3872
18
1463
561
2874
8748
1222
514
3625
3831
1931
6593
1820
2071
6429
134
153
789
4665
2409
3320
2115
5835
5918
7875
5511
3381
3444
8357
550
85
3613
3032
337
485
1969
923
4656
4788
6857
342
518
5270
4228
360
302
5998
556
115
2481
4769
2069
4781
817
1558
1226
3763
7280
677
478
3434
1350
549
419
2250
3694
2469
2774
7781
4437
8398
6494
1685
2230
5234
1952
763
4048
1485
364
3
4397
204
1915
878
1427
657
432
2374
4826
1996
53
1739
106
2210
4703
1493
2101
4544
243
494
778
4729
2368
6069
3502
942
3515
959
2407
2347
1431
2326
2909
4224
1172
516
70
2432
4702
1087
3619
5008
1905
3025
484
6191
585
534
237
5326
5724
453
2869
5623
6097
731
34
4431
7119
344
4392
1301
923
3173
1724
4222
1359
2386
135
2703
494
194
5021
6507
2918
2784
7070
465
200
1842
3650
1562
4480
3711
8618
4222
7450
127
1952
4128
2250
4202
4523
364
635
2240
1376
608
6234
1046
2604
3156
263
4253
2284
8506
3897
1381
2703
1561
3761
6621
2111
644
18
5834
284
9087
1473
427
818
2087
292
6749
2595
3163
3610
2977
1264
3236
4602
7464
617
341
1215
130
6544
2439
476
2227
4868
2325
2286
2829
8494
171
1479
112
3704
7229
2861
485
1714
2234
389
6583
4285
75
1188
7813
3834
7163
1667
2604
358
4577
741
1216
2170
6059
1876
2551
4468
3354
5483
4672
2112
587
670
2556
1251
925
143
9
610
6849
3156
6565
2184
2772
1537
1647
1139
462
433
2027
1917
1406
7538
3455
5368
4812
4572
5010
6783
873
913
19
1240
6663
3606
1456
2590
4876
4327
1414
6823
3173
390
5538
1947
2308
5204
6097
249
366
6510
341
4138
50
2735
1521
1402
1361
4953
3900
510
469
2797
1416
1632
5962
7433
472
1310
1048
1409
249
3483
1018
6786
6
4559
790
619
1065
4032
1503
2576
7190
1021
6511
101
513
152
2303
565
4771
5432
6210
4443
7299
3699
712
1132
7662
4609
599
5433
494
434
4337
447
1263
4014
607
3609
7982
596
3677
3063
2445
557
872
872
1257
641
6589
664
409
4800
6972
1083
43
428
7705
4260
2588
437
2709
1503
535
2109
43
2944
503
467
1691
1266
3064
1097
7159
1002
1199
3361
3901
4078
6942
948
3170
638
1234
4191
4453
4554
597
3231
7162
1860
3962
517
5896
2230
1300
494
2911
447
1185
2314
6236
1878
779
376
1072
6979
4197
2410
4113
675
720
2120
7226
3769
2083
2414
332
4070
1315
4076
1803
1291
2232
2043
1243
4941
573
5958
3269
2306
1786
3093
492
16
1599
1341
1458
1226
4822
2630
1390
3393
1024
6199
2649
2799
5979
1674
153
923
1665
1543
535
5538
4916
3980
1218
4842
224
9517
3609
810
389
3932
617
786
4375
69
308
5478
2471
48
3301
2350
439
1991
2093
4513
819
6714
3620
3141
2270
9169
1852
2026
1826
314
7474
1963
2398
3363
771
494
1093
8539
600
5238
4839
1022
6064
813
430
1299
260
3333
1556
4621
3252
1593
2644
764
2889
1229
788
6489
4030
3196
3537
674
1796
559
5526
151
3768
2166
320
6149
2264
68
1464
6168
611
33
5540
910
157
736
2395
3785
1495
773
3756
2994
2827
1320
6723
2708
4163
977
5986
127
961
3601
2876
1040
6010
166
370
63
426
3028
3768
1815
752
619
2947
1640
3628
1227
1021
1766
8969
2904
1806
3173
1595
1067
4541
1255
70
2896
1518
4412
702
1665
5249
8713
1891
3247
4709
1502
64
2184
878
272
2484
568
314
1696
2302
4287
1887
1840
6499
6560
1014
2390
7853
561
387
129
5346
5558
3697
2453
1114
2645
1667
4935
2394
774
6136
1075
2363
489
1293
894
614
4648
478
4581
908
2926
707
465
385
480
3923
7060
473
3026
4117
8322
523
3140
119
805
345
7137
151
2548
832
2328
1532
3521
1443
36
4629
4756
303
2297
8701
2021
4779
1505
5660
2271
5260
4134
2441
363
39
550
7241
1415
1600
6938
3054
4223
51
1826
1692
80
688
2521
1940
278
453
5243
1482
40
7507
480
6177
4673
2314
222
3906
618
1026
4570
380
310
3455
1132
3750
5433
2610
1524
2250
9322
334
14
8878
1468
514
1222
1504
2057
806
5135
1184
2227
5373
2865
1212
3956
131
5004
9171
6323
844
6943
1674
1154
577
4338
7262
3289
1545
2545
6350
2802
933
1309
4661
27
4366
788
5489
3467
282
4907
464
2402
1730
5664
3546
200
1526
596
5002
2731
81
1450
341
2177
3927
1331
6
1778
110
2432
3350
1204
4436
6080
2306
5207
2548
1721
6686
275
7618
2963
855
2535
777
220
6592
2015
1347
2444
597
5285
4955
5428
4661
562
1457
4091
1386
6958
3265
1125
1783
3920
1375
6743
8045
3704
413
743
8671
2263
872
2450
98
3263
7467
3237
6602
119
3239
1598
359
4852
1586
1396
2023
1483
3478
793
600
5098
357
1854
4031
1854
2032
322
9008
4416
2499
1054
582
5993
2969
3794
690
292
2780
5040
184
1857
501
1739
8029
1550
2877
954
165
5572
2351
1832
293
963
1753
614
932
4533
3168
1312
1775
663
5095
2491
198
110
675
5020
1121
1009
3042
1727
309
289
400
5690
3234
2390
889
4313
441
429
4214
200
1084
2649
4377
2158
316
1824
5068
7695
811
2747
113
1244
7263
565
8349
668
1734
5061
3896
5640
2090
2586
187
743
4454
1635
4982
1976
378
2294
454
3248
7627
1510
5802
3757
1609
5246
2801
1723
909
3888
972
1192
2307
3347
4473
88
477
3718
4340
2983
1002
555
883
3568
2655
1978
1302
218
4828
46
7038
183
2040
6879
1769
839
4420
272
535
4283
4953
347
1446
4196
292
6078
1689
1118
7416
7677
2834
2041
4314
245
894
255
1958
1989
2285
1295
4248
1392
1828
539
879
11
1853
2235
779
436
658
1270
3284
1522
9202
106
2259
1668
3496
4414
7142
427
5981
7777
791
4028
2709
6319
16
4352
5546
2770
1741
3373
3570
267
6577
855
482
4696
1445
1290
1260
528
7631
2302
6684
2067
7686
4325
2295
4595
1024
163
78
3561
3712
7103
5768
6997
1190
3557
3730
4736
1678
2416
424
1126
515
3483
2868
184
4562
1627
1504
5
2442
1315
6892
122
2242
4874
904
16
3350
2442
899
7759
834
3979
1952
7155
2999
1268
9305
2336
520
1
6725
772
1063
254
3645
7546
822
2460
1232
359
183
504
3228
9188
3501
7861
751
1162
974
8551
4061
1485
812
3309
204
2739
3304
1248
3066
5494
4693
3179
4605
742
5345
3077
3535
2533
995
1
218
1865
5317
1829
4246
484
5666
4332
1092
4219
496
8080
3741
4200
2919
2463
1839
2789
5470
753
334
1275
3615
690
2648
4806
2549
489
2133
738
1589
675
4880
8110
4535
7685
186
1509
2758
1144
2214
406
1674
2439
1321
3043
662
4003
2437
1775
3713
1664
3945
3245
6620
166
7067
304
2775
3631
956
1129
1034
3447
665
1349
972
646
2547
2776
1807
1546
1648
1231
3391
2767
1567
1965
599
117
1866
1430
3032
4948
1349
3265
4490
4899
3289
131
1920
1500
172
158
5346
2272
7195
571
373
7856
3530
572
4748
5628
5584
2119
2932
4333
331
8577
67
402
4680
8415
3691
4451
726
2253
5203
3752
2058
7814
3325
3348
1233
164
1896
2423
538
6068
498
2625
6017
6241
7948
6064
1480
3367
9532
820
5679
489
6037
1626
2284
1356
3003
8498
1878
3974
2569
4566
895
6001
5913
4191
5778
2476
222
266
931
7042
2268
692
1885
2130
1396
1215
1009
4070
399
4538
7233
3698
405
1325
122
2210
2634
5596
2379
5088
2422
3258
77
3254
3298
1843
670
1710
2200
550
5759
360
4245
155
2636
7634
5071
778
2852
41
17
4619
1573
1985
6260
1548
1602
5016
2091
1676
7244
3797
536
255
3601
978
3055
3196
3122
5963
1033
2724
3424
938
5919
65
6301
25
307
2576
4053
4383
1884
2002
506
770
8059
5632
879
725
1142
3948
252
122
3914
549
5071
1035
3221
2244
278
1689
494
4485
1022
661
1250
891
562
900
2576
1202
4122
3618
493
1278
440
3237
7638
5088
4325
1925
62
8383
6767
4367
5640
247
9226
2715
11
1170
2316
105
3128
121
586
153
5588
1180
145
175
2261
1507
1254
6260
1417
3254
1595
384
4147
2455
1693
330
538
6
620
121
354
105
6537
169
3971
974
2398
2179
1348
141
1040
5747
59
4489
2349
477
2146
6683
895
363
4693
3534
1611
6387
7908
710
3478
296
383
2496
3280
9945
1662
7698
460
4193
2372
1264
4857
2664
2926
773
3054
321
2704
3146
1285
6076
4053
899
2985
1444
373
177
2492
1014
6907
5452
940
5083
5642
1829
2324
3372
847
895
7318
3354
876
1796
163
725
541
6087
2595
3526
544
2770
6373
1524
1635
614
2178
425
2948
317
1147
715
1643
5716
1730
170
5834
556
5280
1616
106
3207
1114
841
114
5610
4459
689
4008
2253
7859
602
55
220
1114
288
58
2711
461
7451
1405
6207
1923
193
954
7210
2492
5761
6182
1404
1611
2568
1244
455
243
4371
2756
1123
4938
335
4247
3636
66
842
3244
4588
6185
144
4247
2841
2573
4399
1140
919
2539
771
9214
426
4674
3622
1036
6988
596
1414
1747
768
2640
166
1107
3993
6160
3778
3188
634
143
1659
1914
1979
8529
2299
2422
2697
3339
1327
444
2237
7228
1092
515
1049
317
623
354
2897
1995
292
612
907
4998
5288
4474
516
1923
804
329
7723
2753
3508
1075
99
48
4272
3958
3989
3396
3579
4293
1545
435
1454
2825
100
3750
4246
1131
1288
45
4573
2451
745
416
8946
6523
8832
281
3673
10224
7946
6587
3843
1828
1861
942
812
1854
2831
9293
288
3000
116
2573
2761
416
3303
1400
3067
603
1204
4571
152
1493
7169
4463
2247
4199
1142
2874
2729
2047
618
206
5944
2166
115
492
2644
1259
4245
3553
876
1255
4126
839
3324
2560
1821
5105
2160
354
1724
1749
311
385
4384
2785
4503
4031
4972
765
2051
6192
4654
5749
1727
464
393
6355
715
775
193
101
2459
7893
234
282
2950
6054
1535
6362
3713
1643
6248
2757
2164
4739
3857
8100
481
4732
1966
2587
3352
196
9736
3079
2326
6525
2494
1558
1145
564
2390
2522
6971
3306
488
2191
105
1623
1704
171
1409
8474
582
575
179
1705
2667
2670
898
6036
2367
386
2707
429
3076
101
7571
604
868
3970
2797
5502
1396
431
472
1010
2613
704
582
440
2380
4631
196
6522
2687
2999
5162
9199
2408
7592
530
671
4434
2297
329
3871
3507
3889
6917
1701
4892
2090
2499
962
305
415
1775
1002
2525
377
32
1401
6761
1812
2801
847
1458
3739
2653
2532
759
297
3310
1775
302
5019
2421
8
7438
2717
5217
1406
4213
345
819
3370
4675
7931
3527
1373
868
563
101
3851
8173
3594
841
3605
357
490
536
2182
240
5914
8291
1652
6580
3241
2976
1431
2835
489
186
1374
4233
65
5066
4580
84
6444
496
1264
5270
836
6121
7079
3168
2761
8269
2864
194
5664
4306
3589
3834
2229
1934
541
417
1462
5800
478
1424
4595
4585
2090
3899
3429
284
717
1565
334
3784
1493
359
2504
116
42
3620
501
2094
5038
7890
3507
1944
3012
218
9652
226
159
2778
4962
1657
47
4352
6112
6680
4050
2802
4094
163
5847
775
8125
8631
1926
1246
4522
4244
8616
221
2521
2652
77
338
689
2188
604
2888
4569
7106
909
7787
165
206
4380
9994
2016
428
40
1556
2532
49
5918
1900
3757
6339
2422
2128
543
3700
507
2030
1540
1874
1869
1618
152
252
3306
1597
9669
5109
8861
2311
1934
3401
2148
2386
322
5926
1228
1800
8845
4034
5423
6767
5389
1025
395
900
192
160
729
1453
2312
4656
2029
5968
3774
1865
514
6580
2767
4699
2124
3547
954
1598
7833
467
682
2965
2818
233
40
3568
1596
1127
552
2089
959
142
4137
6882
2595
1198
1280
13
8460
5488
3237
3088
3361
6749
824
3644
823
85
1472
1510
3802
3203
1856
4028
2979
2059
5665
6748
3030
294
786
1311
925
2750
2111
6570
3812
1908
5516
4781
6643
3708
3045
4584
814
31
1262
408
2341
495
5911
4308
4445
1373
9989
97
2719
115
1707
4232
274
897
580
2512
135
1531
174
1899
629
10004
4511
2028
844
2716
5294
197
1444
6453
263
718
406
4638
481
1310
2097
61
4238
4464
2380
588
7488
327
4970
7752
74
451
83
5205
247
2467
1822
506
341
1586
549
708
6285
4897
1288
574
2069
1619
118
98
2207
7189
4343
830
1376
5432
2857
1733
3101
4616
1594
3059
1595
2061
1916
3715
5755
5640
4892
327
3523
3289
1685
27
6277
165
416
2060
5615
9809
7949
595
862
1083
1497
5482
3897
294
6955
6833
2875
2610
2677
738
466
1643
283
4699
2652
1041
4786
5154
37
2338
2657
2328
4024
4654
5255
103
976
4439
6688
697
2008
3649
9479
5375
313
1891
3871
2172
1066
245
3626
2517
271
63
1698
3958
2291
8443
2101
2913
3257
1659
2431
5826
4770
89
3564
9362
7116
4003
534
2602
3626
5059
195
2211
6193
1973
2496
708
759
1686
1596
461
2093
81
7778
9590
149
4434
1297
5772
1748
2194
553
1905
1493
2131
2247
1363
640
605
3440
2596
290
1168
1553
895
746
1165
341
739
5017
8381
3908
1020
83
7119
772
772
254
7339
546
577
3735
7586
288
948
9390
1230
3026
1566
5636
808
678
1706
5458
606
2055
682
4399
625
4513
3896
5503
5907
4046
132
1572
787
1294
793
4571
89
2197
2001
1400
8151
1209
4582
6053
1054
2742
691
3915
1949
1355
2680
2115
698
5270
183
1727
5845
1512
2269
2147
6768
1473
736
2235
962
3578
2065
3653
3112
399
1788
3247
811
4143
993
3661
1575
3730
2293
76
4183
5656
1828
1724
652
1078
7621
1957
801
2901
433
2158
160
186
2403
223
2405
3166
4171
2981
325
1098
6836
125
2641
941
434
8417
3289
5604
1547
505
1335
1289
887
142
2089
3833
1487
4664
2883
611
2034
3267
4321
3371
5179
3475
1858
356
5761
3159
7264
64
1445
2689
1963
6905
651
1912
1795
6344
7543
627
580
5660
1044
5581
906
62
1833
3360
4458
5232
1545
500
2379
1529
441
2902
2560
3221
4091
556
1003
4073
500
941
8652
2117
4435
3019
1539
2097
459
7547
2742
7698
137
213
9692
3101
2219
7439
5421
6486
5540
6636
337
3348
333
6194
627
3157
3932
1450
483
197
1268
871
143
1228
586
1766
682
2596
832
207
1760
1473
2990
3741
5403
1620
393
333
87
4771
3411
313
2032
5127
2752
4303
1487
893
6216
27
81
7647
2824
6063
2404
4452
7505
3023
2218
4999
7086
111
2396
3387
2935
4500
4661
197
2409
784
3077
3016
5990
8827
5179
2700
257
984
1725
9903
1127
1083
4890
4983
1885
59
5233
5628
4168
1369
5334
284
5157
1107
3490
3926
316
1182
103
563
365
2630
1126
612
5778
4160
5758
4996
77
2737
2027
1358
942
9032
7765
5493
4388
63
1247
3162
3664
4179
1166
6920
1471
3769
3450
2779
4062
4304
34
408
2282
8337
7672
4341
469
5187
186
1200
874
2578
1701
5486
1783
158
9310
2101
5500
9692
4451
1926
9849
2077
283
375
4818
2234
1919
3562
3291
6103
5928
8794
2847
4907
480
419
6983
1673
1903
619
363
2417
87
609
2238
3441
5741
2422
4652
307
2653
1958
3590
5305
2064
4410
2724
7817
156
3240
858
4077
3241
825
3462
1393
1527
90
5924
2708
3121
123
7142
1448
5305
4891
1713
2059
100
593
2658
289
799
256
272
1080
1679
859
755
4741
7286
1768
259
7305
353
5991
294
746
279
6092
2677
538
9288
48
339
1064
1764
1939
6043
2767
5366
1969
1808
8067
1361
1588
5290
594
501
798
2155
6632
1800
385
5077
5587
618
5510
8869
2001
438
27
4169
8846
5879
262
3004
2690
1995
633
2372
1895
103
4845
465
5211
2637
5730
2017
594
50
4225
95
2323
402
159
761
2585
3214
5827
8497
1805
4705
2925
8036
2081
2613
108
1318
5641
4154
4068
5348
2214
4462
1751
1626
2402
7273
45
9635
1703
5537
8068
581
598
5085
2819
1070
8038
734
910
2975
1680
249
2443
3258
1050
6188
8958
2328
101
3176
1633
2561
963
167
1020
2312
960
2972
648
33
5177
700
3361
388
1257
2234
7819
2400
596
755
417
1741
270
178
3111
1919
966
488
7848
3010
1212
323
1818
4074
3379
2402
1136
248
625
1294
698
89
734
617
3489
2692
712
2504
30
2263
2357
3298
2842
5231
1142
4612
1224
1385
747
2077
723
141
4332
1725
3319
5601
183
5363
647
1921
1656
134
6282
2079
2104
1717
1738
7101
1237
6359
2219
1846
898
2068
2056
569
7445
2507
5564
1265
264
1258
3523
10398
3401
7034
5351
926
1211
814
2849
1487
8699
521
3667
5647
1736
10027
1041
8786
3000
1020
3243
2073
2466
3327
260
248
1432
980
9753
799
4370
343
376
8543
2112
177
2686
643
604
376
4118
4490
66
1131
2226
120
308
3891
2296
238
5032
1419
1757
8279
52
141
1176
2918
8203
5695
1984
4020
5865
3825
6752
4247
441
5100
2003
8435
3961
6359
5477
4372
4299
1211
1164
1819
501
519
2359
142
7214
7356
237
483
2884
6092
235
688
2416
1313
1800
186
853
1721
4521
353
6377
2987
8184
2499
253
6767
2723
8196
2692
482
1496
129
7369
511
391
2785
1748
2886
2651
5571
2748
4379
1667
437
204
768
399
627
4061
3313
4124
697
3405
2154
1041
2690
3371
1488
4292
1855
1773
621
2623
852
4690
400
1527
115
32
1220
2568
2782
6237
2610
8172
5058
1518
6011
1717
315
5409
2144
4155
1396
4954
2284
5969
235
1409
888
3068
2437
1942
3415
2071
5592
6526
649
850
643
1759
328
1499
65
3953
986
3132
1029
5550
2125
7164
2648
416
1356
741
2729
1846
1366
2470
3644
1905
2714
4539
1640
1587
1135
9361
3548
7573
3920
4681
843
4746
662
2079
864
5076
395
1241
131
6462
2800
2325
2449
3824
261
2091
1888
1501
1357
3549
1582
7678
5308
5333
5505
5345
770
1168
2837
722
171
3465
863
6000
3658
1197
4381
205
908
2606
835
6648
119
5352
559
335
1859
182
3301
844
1295
1512
8050
5870
448
2575
2665
281
3518
250
2280
26
5744
1883
3460
1298
3822
6416
1774
1303
58
268
1277
6571
943
1696
554
4290
4281
324
5146
4240
1353
3372
6555
4732
993
6652
699
3561
1619
8303
4458
1289
5808
3819
149
981
3029
677
4893
1362
779
6514
5026
736
7368
449
9082
8268
1134
1658
487
1855
3173
652
4896
3507
2566
688
821
6073
4315
4248
1303
2851
9836
133
1912
4070
6758
1092
371
1219
2004
7337
1898
1544
1842
3133
571
1212
718
3385
4584
1083
4543
238
5422
1935
440
1205
107
2126
3272
1441
1740
1945
3695
8487
698
4485
5515
1724
3730
407
1306
3596
1346
854
1565
3453
4540
374
371
36
4772
27
657
2932
2586
4940
1662
6760
1290
749
812
339
552
345
2798
6688
5467
1767
5095
783
1863
4976
6482
1418
881
278
921
692
1946
95
151
1272
2997
1168
994
3765
3284
1492
3361
1552
1820
5146
131
3701
1426
6585
1746
169
448
1868
3122
211
6116
7238
5789
422
146
2905
1268
2876
137
2949
1023
1262
8229
7525
397
3925
4633
4853
40
3248
3447
652
237
3660
7577
1614
623
5913
4081
2408
4544
8386
2189
1053
106
7855
105
1120
176
118
6074
7208
772
6115
1628
922
1282
3386
367
5557
4258
5165
7728
6192
5355
2493
1920
2727
457
1916
2868
2294
6065
3478
355
603
6337
2182
7510
3833
2215
4002
1419
376
325
4080
2572
1986
663
2717
670
7214
1095
5295
1434
1428
494
1820
412
891
300
2742
895
1459
3486
945
986
425
5579
6627
1398
515
5301
6605
3383
4225
1489
3638
5523
272
7145
653
1956
5671
2488
5799
2592
7034
449
2957
2578
2197
5884
5884
3161
1530
318
221
1336
6502
3155
4270
1209
391
3347
782
6319
704
303
5712
269
3603
2826
4606
7281
8093
326
5775
2638
3909
2650
1626
420
288
92
2497
1054
2404
5340
2975
278
1611
831
6291
3799
7181
2733
5099
2314
1417
6401
2803
6
171
3136
4927
4155
557
4148
5314
272
2295
81
6070
1208
5288
2231
2755
3101
6846
4057
5220
47
6850
1657
206
2858
4793
733
3152
5627
6754
6020
2991
1664
1782
4975
791
1432
655
79
3259
5657
6645
6611
2979
671
4617
3540
2843
2323
6805
426
300
2416
834
6079
4797
2515
1561
70
2765
3336
6760
2313
1470
615
4434
4986
3456
4408
1362
535
4674
19
572
1761
324
326
7186
6162
936
4597
70
2262
4073
3913
2833
359
2567
462
2937
3741
532
3213
4168
14
378
9258
2886
4229
3025
3671
2305
2130
168
642
1218
2685
1412
732
922
367
5883
837
3635
6741
2260
6645
2158
4529
100
133
346
3892
1635
3625
7375
255
1237
8806
1366
3407
838
1562
3757
1517
2729
4895
1526
945
2925
583
2638
2816
1316
5637
449
5092
8657
882
564
780
7404
1516
1913
3414
1801
529
692
6960
2888
5011
5859
2603
1592
5025
2880
1243
10
8519
6692
6256
5651
3476
1445
775
21
3418
609
3366
1318
963
8403
1607
791
28
1349
1228
8859
393
1961
3716
7264
287
9125
1980
15
5380
3836
7343
1527
3073
608
691
3851
173
4923
1353
160
4033
2012
4903
319
5564
2957
2279
3729
665
1162
2673
1567
1410
425
2869
7096
4076
4246
1396
2769
9643
794
2489
4212
5168
147
552
6249
711
6446
5698
1230
4064
4589
3709
198
6458
776
4356
2805
1431
1467
1000
2264
805
6699
1306
1165
3404
3071
2148
2321
2427
2395
1780
2011
355
64
5423
6756
323
4925
1817
1574
6913
1860
399
565
1438
3420
3624
768
1169
1288
201
2390
4685
3106
2926
623
3443
2580
5572
2587
8504
838
6637
5542
4222
485
8312
874
7384
5790
2772
522
2564
1895
33
526
2253
4469
3301
1220
3621
307
2738
3306
731
2216
449
3991
4329
74
3845
285
2926
9374
1864
4032
472
1378
947
4185
715
2613
426
4947
2185
1237
2819
2459
3447
1800
3844
187
413
624
8362
4142
3401
4097
1190
3981
1008
8756
622
222
3689
218
443
658
1825
4242
539
31
236
2157
3340
5751
7122
7444
153
7106
5086
277
5338
1638
1038
673
2384
3739
177
115
3604
886
1317
9299
2372
5792
156
982
5274
24
1082
3113
610
4989
4208
2222
416
1994
933
1349
429
2538
2675
1554
4812
6112
3186
215
3518
470
9197
4118
458
913
6034
2398
2635
699
4916
726
9544
13
2196
4856
757
5465
2957
1638
5334
3400
1938
1650
2499
6555
8651
313
4177
2690
1349
847
2935
2910
434
7196
5254
1672
1832
6081
6763
537
192
1718
7330
79
71
1424
1101
1784
3237
2677
2438
115
1523
254
6061
1271
275
1933
5571
838
5864
5726
1088
1899
3093
931
9369
1148
2436
1504
3862
1374
2973
6928
227
858
6710
2052
6577
3423
1917
7328
173
3733
5727
9074
3618
1191
800
2858
876
317
1970
33
1
2486
3854
185
4881
1340
1995
1383
2737
235
6182
4439
693
231
5090
4315
1026
1172
6843
2630
2481
944
1633
2308
1842
6837
1181
310
6069
4378
9588
343
2231
1544
1415
1767
1467
1724
232
2093
719
58
800
5385
478
6066
839
3496
278
1122
102
6926
1873
2317
3130
4248
1164
525
2122
3603
831
20
324
5374
514
2252
511
2339
4670
945
97
6708
8892
2020
5363
5598
1783
5291
2503
1268
2069
907
987
1143
580
5582
397
1770
750
6829
454
3494
1165
5186
5929
812
541
435
2067
658
2583
56
4136
825
5508
1007
102
3907
175
1397
3405
1129
779
5426
1477
235
8608
58
5475
3520
3896
183
1230
211
5717
2129
72
5004
1282
5370
1197
3481
249
1410
1612
1325
6728
418
546
1602
2743
3723
5593
1971
83
2170
2013
4014
655
1393
1744
7436
4339
7404
4546
2837
63
420
4939
955
2376
3606
3331
4600
7390
4904
791
4740
2694
4440
3131
7350
298
441
3662
7281
167
246
1213
5484
444
8634
7080
3297
2306
4595
4775
814
1042
1519
4704
3007
3919
9034
7556
143
5970
5201
1376
1504
2683
1415
2017
1514
9183
458
1192
4037
3687
2628
2855
1936
7850
4441
5492
6341
1756
1791
1177
4581
7544
2305
1496
1340
8118
948
1947
7013
2297
8229
1210
1709
4329
6947
1852
1655
3688
3357
3395
1129
8718
1408
6681
9792
104
1118
4479
2714
5709
4244
1673
1130
3301
196
383
1876
9133
1648
298
633
3227
792
3809
203
7053
950
313
6736
2748
120
7778
4200
3906
7717
1412
6978
479
6239
5867
1287
3427
8809
2447
5033
2089
2978
1576
846
2598
1874
1898
2530
858
586
165
5670
8766
653
5579
394
2296
5583
1631
4733
2040
1492
2775
2296
5266
96
2321
3308
6531
836
1181
739
2303
4384
7473
1915
1331
3635
872
3637
1280
785
262
1117
991
6166
2351
733
734
4822
3963
30
113
7032
2122
5589
2368
760
3039
1050
3380
6850
1485
208
519
5134
917
4503
4474
1801
452
518
2990
2395
3272
3809
606
1532
2915
980
7242
632
1145
3308
899
4662
1177
5724
1682
325
2159
1246
62
1938
4077
1488
2362
1482
2072
6242
2029
10358
3223
307
7340
4830
6915
423
1043
82
943
327
1329
1160
5099
2926
503
698
2837
2323
381
7185
2166
3763
38
364
3572
4651
3836
1181
6971
2553
4543
489
1124
746
2382
564
5335
8483
929
1211
1048
3379
7832
4060
2356
2640
537
2515
1077
151
569
1423
3286
2330
3026
3810
6378
515
3319
624
4481
4500
5440
7556
4382
1983
1555
26
3588
2492
1359
271
522
3656
8466
5115
790
5326
1591
6696
2131
145
4584
1970
957
2212
3069
6251
877
2180
181
2449
593
2527
1192
3122
2433
7176
2005
1208
2358
385
1305
3034
2553
5783
3633
3377
3329
1106
4705
1601
3298
1941
8288
2837
5081
6444
1871
8199
3239
1760
1641
632
50
4695
1752
7460
7381
5239
4366
764
1750
2338
694
750
621
5657
5748
4236
3207
3770
6141
1899
2608
2931
406
3289
1745
489
1904
656
369
1141
813
2877
3845
2532
1074
1611
294
203
2388
3871
2782
3032
6348
627
3580
1327
4873
571
6732
2680
4705
69
2485
151
1782
2361
5040
674
454
4567
4355
8288
1643
4032
4396
4391
3128
3594
1829
119
6676
1147
2170
1702
3112
3125
723
13
2025
1243
839
2002
8819
1500
814
4639
3061
1617
4531
6230
2017
3848
1539
4330
4299
2713
9022
1805
1340
1741
3452
6355
422
5761
1085
1568
394
360
1345
638
1049
1826
2692
4683
2369
2680
633
4614
518
2397
412
5195
2488
319
1957
2672
709
4418
6064
1002
1723
379
1880
1335
1394
5727
3263
611
806
183
660
3876
1259
1115
5324
2937
8081
401
665
1073
87
2970
946
3425
428
187
93
598
7092
5672
2853
1950
715
4492
349
359
13
2698
831
6602
254
3791
1259
4119
6791
890
3838
4413
6438
216
5847
5597
71
1194
1303
5260
1284
795
142
5735
5520
444
9603
329
1132
254
781
1006
1867
235
3727
2897
8764
1418
1326
622
2286
6432
4018
4095
920
6020
2900
1986
7895
816
1432
1762
1168
2915
1487
4655
4111
1931
1096
3833
1506
175
5601
921
2397
1367
2901
5089
94
137
825
1924
4318
271
5209
8332
2509
2923
587
1407
2249
4231
2474
980
8437
5491
1256
2065
913
705
2921
5766
2835
5722
2707
933
1393
3823
3117
6401
2294
2754
5162
1288
39
111
111
5360
4189
1441
1672
5370
5065
3720
697
656
942
3220
280
3614
716
2506
507
274
1000
623
417
566
1484
393
1068
4743
252
4101
7191
7068
1549
25
206
5312
7836
370
3663
44
2105
1375
3172
614
605
1121
3663
109
3077
4429
3001
873
1720
499
4298
376
5508
111
2002
4818
2554
1878
7017
3608
307
4423
1367
39
5797
1422
442
8971
3407
230
633
1871
5057
4342
5946
8700
4935
889
709
1050
333
7002
1867
668
5906
4959
2125
381
5903
835
7101
6360
2514
386
2041
889
997
1733
2563
5422
6116
2669
957
1684
1129
330
1642
1055
207
2007
3179
2989
4679
411
2417
2115
757
4880
2014
1412
846
19
2545
4206
1047
5261
1963
991
51
764
1517
6038
381
924
826
1376
6427
2017
907
2393
4280
2137
1428
1659
2420
2071
136
4720
4157
118
1627
4195
1113
2339
5083
1953
4477
9572
992
2740
138
56
123
7631
10312
1464
2921
493
3672
5767
1143
1943
9190
5421
3525
1364
5936
7410
1100
1308
1724
4144
211
3538
231
1344
2101
1442
23
4172
1280
5838
811
1608
4050
8084
5286
2706
13
649
5833
1277
6126
7419
204
2474
432
235
2191
1261
2126
807
90
19
4763
1264
414
2140
5811
3708
481
2816
7885
1314
265
1948
2428
974
4576
2452
33
3382
1607
890
1911
1460
2003
950
6227
4367
1632
3240
307
3968
3454
386
6779
2678
2055
214
3456
1414
33
3325
3024
5269
2887
6908
981
1463
5142
7366
850
1175
4112
378
6079
400
723
3260
2766
824
4946
3697
861
5755
6184
2511
93
7148
4652
6643
3462
2488
4446
2731
2438
6742
8364
5242
900
6478
5430
2371
4451
3163
4543
761
7
2134
1433
2234
7603
579
2796
1263
1615
3876
333
782
2650
513
7526
63
3868
5286
1649
4116
433
3276
7137
581
802
6777
4493
2179
277
9872
616
7513
524
4008
4106
2544
466
5629
855
151
9375
2627
896
4403
1835
222
263
2738
3160
4666
4054
632
4286
3980
53
725
66
501
407
269
1495
867
6196
282
3361
3201
6155
4138
1436
1201
4248
7287
4165
5269
3347
604
5275
668
512
5175
6642
869
1687
1035
1389
3771
423
1903
4455
2679
175
2879
5261
881
1860
2829
3886
6383
2950
7258
34
2574
5300
3801
6573
280
3935
4298
1583
3002
479
1033
31
4646
596
3592
1853
739
362
425
1656
873
368
3371
1576
5976
4876
1224
353
720
692
1177
378
4058
58
2624
1373
2297
1191
374
8354
1302
2827
442
411
795
934
1659
494
1804
4505
6743
3679
1105
1831
2538
2489
6062
6654
4958
1074
3742
5228
4457
2110
2526
1465
1456
1134
1779
7620
159
4119
646
966
1502
2923
1129
4012
7365
526
1794
380
3799
3608
464
1082
2326
103
2546
1447
4908
1804
1407
2590
615
4794
62
106
1677
764
3421
4177
2456
4877
203
3386
1414
8149
5193
3344
3082
5757
5460
3050
3717
1090
293
1491
914
657
2149
2961
1307
788
2768
436
38
6703
3686
543
1417
4199
105
3085
1580
5914
1087
1757
1386
2706
512
4196
1244
2464
659
1963
476
2626
1402
2496
712
662
3760
2713
428
1511
612
3479
8009
6240
3526
3149
422
302
8515
160
70
1332
2123
1996
5168
2541
133
3041
290
3356
301
7795
2467
3969
885
1185
4237
3305
590
1585
3369
6357
3345
6345
5782
629
1069
2278
4743
7972
5321
2135
3461
1707
2816
337
2138
180
588
667
1609
4675
3070
1707
525
2302
1983
6874
1503
1060
129
4206
3551
1253
1550
1683
5140
2932
381
2468
788
2805
1337
2877
904
996
3416
1330
4286
2588
2480
156
1657
199
7762
1669
2175
1044
241
3459
1504
6262
1377
1856
1851
1953
1096
4134
3854
1039
8880
3638
3563
377
3667
1699
636
2541
2901
625
2471
1794
749
450
4327
952
6228
4153
319
118
425
475
4202
2476
1486
124
652
583
1721
681
7956
2606
4104
2675
1513
3822
2248
7907
466
2641
7144
523
918
8314
83
2659
2678
1169
2181
2937
118
4765
484
3451
753
2676
671
7054
482
7280
3471
1183
4058
282
8176
2720
5098
5198
2279
1343
889
8470
5597
650
5065
7307
4199
229
2459
1055
3922
4594
6633
3492
3169
1127
76
6846
772
5315
2724
227
657
2179
3929
123
178
1992
810
880
32
5230
2365
1205
1540
3777
7474
968
555
1709
1648
742
127
4199
3934
273
1519
1219
3898
4614
1676
616
407
3180
140
133
884
6769
478
782
116
1649
43
3997
5472
864
2352
2165
2333
952
2682
5870
529
4822
5819
6499
1621
65
80
7771
3653
425
1695
883
1946
1080
1391
610
6650
663
1698
1571
2311
6354
1716
2212
2719
1630
194
4332
4871
584
2469
1537
4236
1921
2401
5129
1440
875
561
3956
713
2964
324
793
5303
94
437
254
290
446
1205
8
685
6730
892
651
3357
558
155
6706
6749
75
2591
207
828
1229
2899
728
2920
447
2349
758
7254
4361
1324
487
8727
209
4329
5229
4668
775
1707
219
5441
660
1409
578
201
3533
2037
3080
6522
564
293
6677
1384
38
2246
682
4570
5933
2321
12
1652
6513
7028
3842
8838
2072
159
2090
1603
1645
110
4693
482
270
1594
6838
3514
2565
2940
1576
428
5068
2832
1489
2912
1756
865
4114
475
3849
1513
6633
3401
380
270
3202
102
4254
6936
2884
1470
7507
1885
257
3340
359
4183
6757
4928
3225
746
69
4486
1933
3889
1232
7688
2615
527
188
690
256
5403
6091
16
823
5677
3924
817
3876
58
5827
4634
4414
4342
3024
2332
196
3223
2170
4931
2593
164
2105
1864
2556
978
2385
513
275
1175
3270
5463
2222
2342
1734
2507
1339
2631
710
835
695
271
2320
6370
129
8194
7035
4261
5332
233
500
2755
930
5910
3310
1924
4442
3130
439
916
3173
3317
4946
8635
1228
2908
809
7121
2917
5618
264
1102
1279
118
2376
5535
1897
174
4640
308
6169
721
654
1057
369
2000
3197
2187
1109
4716
1331
606
94
4389
2962
1469
982
1021
5390
323
1718
1307
5966
3069
2322
195
5911
1199
396
1872
4907
136
4179
1741
670
2010
7940
12
2497
3729
1923
3191
3481
2234
84
9493
6279
1741
2502
859
1692
729
2347
1089
5540
911
998
962
234
5549
433
2438
2046
693
2396
65
899
1101
3737
750
587
1532
976
2197
216
876
7816
1190
398
7627
474
7496
3554
1357
314
196
1552
3496
1003
6781
4008
135
448
639
7238
1992
1022
7561
150
701
440
1758
1728
3345
2443
5849
2007
47
1283
543
56
4741
4628
1469
6436
9485
1673
1548
1026
4034
3385
5298
836
792
765
30
2988
3074
5392
1520
20
139
46
2860
131
3903
5478
806
1139
1763
378
3835
955
228
1624
960
4980
607
1245
839
8045
6934
1013
25
1679
2358
5575
3818
6029
3755
2970
6907
1947
737
1801
2197
1609
2431
8701
574
1297
1447
6896
372
4463
3128
2987
616
318
4485
3328
31
1288
736
2652
2698
639
1195
1274
2401
1942
4784
5819
5323
5388
7333
431
321
6405
617
1117
1705
4057
3249
4362
3173
442
1650
730
4836
1591
3987
2601
336
5685
1853
1466
1981
287
285
750
1662
837
272
2807
914
544
5567
1839
515
4391
1076
929
9083
651
478
4649
3890
3038
52
1085
410
3031
744
8316
2782
6253
273
1961
5393
1849
762
10
8972
2758
8675
2576
458
3915
287
2608
1130
3676
4840
4925
57
5910
6
958
303
3818
1695
48
4076
127
5979
6528
4718
95
4369
140
146
834
3941
1176
2188
1632
6667
3307
5530
7283
2456
3493
3803
709
4450
487
7166
3953
3076
3459
4176
2705
668
119
1263
6100
1864
173
448
332
5825
2712
546
120
2753
1952
458
3682
7371
3505
3392
3759
1326
604
791
4407
150
1080
7498
619
614
5992
5000
672
996
547
1066
486
739
2787
353
312
4749
1467
1079
492
5117
2354
779
5439
1827
2924
4793
2690
280
197
3013
935
105
3673
1030
1781
3548
6525
5888
107
5732
69
590
180
254
312
898
187
36
1648
1453
1284
619
163
5872
4885
2923
4625
684
1773
89
8930
833
1242
2807
777
51
1662
2583
2368
3222
386
1247
2125
412
1296
2529
1654
3605
3357
2985
152
4325
2823
1150
4594
1217
5416
1441
4008
3109
837
114
3576
3669
338
4559
4637
679
271
6860
1875
49
4453
6000
453
3116
7823
7440
3134
3930
1179
908
1348
471
346
9607
2103
5589
5537
2366
667
5538
2795
1210
9474
1322
2942
4653
1407
2588
1004
3935
1630
101
89
5072
5752
985
651
4019
8298
596
1790
268
1923
3359
6172
3457
64
3762
492
3776
662
84
6106
286
3273
1741
267
3524
616
3215
3784
1053
3518
1044
3210
1013
1696
3323
532
776
2450
18
708
7331
751
2297
768
1727
2420
948
4267
3767
2792
2578
398
3222
207
6835
1761
296
92
1331
5166
5625
395
550
1008
169
682
1999
888
287
449
4945
254
168
36
7533
7412
692
1092
8634
1801
226
8096
941
1904
1724
1718
1901
3520
2163
368
2035
7564
1099
2900
726
1545
9183
496
140
627
5564
1397
6691
2181
3490
828
1061
2424
5970
798
5231
4664
1224
3253
2983
941
650
290
2724
4107
1512
779
5233
573
3941
1108
4938
3071
341
5867
846
685
3041
620
6007
4282
4053
2566
500
2419
2825
2406
7932
73
2088
3947
8260
117
358
5299
182
4509
5190
3605
2157
4623
294
2680
173
778
1767
1165
471
5484
5264
2550
462
2243
366
468
4365
8664
8019
1989
2479
1401
201
3945
6227
104
1178
5531
2182
71
578
798
6975
7716
4885
5577
2531
788
739
888
2160
819
500
5462
1727
1314
1395
7268
9786
4735
1304
5716
1400
1681
452
2249
3017
5553
2924
993
6878
4159
8836
340
2446
6929
1164
2383
149
4419
2286
889
3040
1040
6770
5041
4855
3174
1876
59
3689
2529
2243
2959
557
3506
218
5640
30
3181
3178
418
5547
1208
1620
3941
5471
4233
1244
1099
1706
6073
6770
7695
8735
937
2536
638
1010
2249
1917
4338
596
211
1763
1100
5580
3531
3288
7637
3165
3705
796
330
3182
737
291
87
2921
4879
2385
1208
3073
124
6818
461
6637
1814
1133
1645
3114
3375
9833
2018
2352
7768
108
4536
2554
302
960
1437
2583
4983
7126
1625
5435
1682
731
2426
355
7497
684
701
5874
644
768
342
1643
485
785
764
5262
4273
1790
82
2902
1149
2284
3999
338
926
760
6052
4784
1947
770
1608
5745
3750
766
1167
1774
6906
1361
1128
3699
270
1421
1264
3174
94
2960
99
3647
1629
437
2210
78
3336
677
1396
1834
239
507
1047
3414
53
1542
884
6973
1405
2366
278
4662
6207
1965
498
625
4495
5549
7638
3632
3644
482
253
5397
315
4853
328
511
7402
905
5777
2428
7481
815
528
5750
3320
305
113
2691
2012
4671
2694
4785
2518
1161
6818
839
6503
473
4967
23
101
2190
1097
490
8608
323
4986
1746
1566
3611
3938
350
928
58
98
3519
5261
190
3451
4671
7588
7998
865
5783
249
3221
761
1432
545
6974
4231
2425
3393
5685
1131
4617
2569
857
171
1601
4498
3129
1036
8392
99
5926
743
7088
3484
3499
1557
8974
826
1279
3042
3538
986
2035
8037
257
1076
4464
3767
8983
898
8260
5233
274
7596
5186
727
6148
4721
2916
6238
4159
4684
3860
6103
1385
6
7492
9
4163
6418
1487
5236
3712
3082
2763
1333
2311
81
1585
1250
3392
4943
1482
2472
3457
3700
210
620
3639
6
6899
14
1714
4142
4182
2545
1142
1436
1477
2274
109
5343
2574
5065
1967
5190
2344
4778
7373
2122
2606
3222
3126
1544
3323
4
1949
2624
66
5448
776
1463
215
4805
3145
1072
2335
4460
129
273
5977
5452
503
2954
399
969
4459
3172
1005
4909
2133
4997
362
8850
568
2653
598
7248
1918
809
1229
393
6616
4530
1913
3961
4420
74
978
1793
2360
3064
1484
3846
1711
1949
1616
2757
280
4
7758
2168
3480
1222
7923
8769
2423
627
522
1421
23
343
3927
9845
1641
1187
2042
3287
3247
7167
1728
6747
41
6296
2651
1663
1268
789
2156
664
423
765
639
365
6245
3367
1007
1661
324
762
145
2578
3790
7572
5309
2422
4965
7308
2459
316
3366
3498
9331
450
5458
1587
7831
2419
154
3918
7833
1288
2271
1921
432
897
5267
7049
5153
17
484
1057
3871
33
1625
1675
3572
8052
136
91
739
2316
892
485
1629
5502
2848
2173
1998
2201
359
1519
5529
550
3914
6742
942
462
2704
6346
2227
5120
2245
3061
1935
3200
180
142
5455
3195
334
2178
109
6327
1065
2142
4862
1280
1493
168
2145
348
5347
2460
4650
9040
5557
2254
84
7350
5358
746
1976
787
1318
6091
1140
363
5777
348
5162
2454
1651
892
5712
132
6395
361
304
453
539
2634
96
177
655
335
1519
7165
876
2990
189
3079
28
103
6
381
8177
771
2186
5435
489
1687
216
3214
4762
1022
264
2595
308
491
2321
3735
3072
6325
6755
102
202
509
4067
2299
2530
5620
5067
3464
2099
6813
537
3065
1007
1404
3110
1397
2898
4539
728
1569
633
1657
1413
2108
1386
88
1005
3296
1747
6727
1860
744
5870
1733
8567
279
1796
3067
792
855
1364
4893
777
2039
2586
474
4955
753
450
3513
3505
2274
1227
146
695
557
302
3525
247
3455
947
241
6128
1777
182
4003
1174
1049
8188
3296
5422
807
7435
1563
1676
1567
666
72
8014
2494
2882
2225
154
4513
763
2155
666
204
2075
866
4651
3890
1112
3663
681
4775
727
747
1375
8218
842
2078
187
7201
2801
2064
564
67
272
265
762
5796
590
4201
2465
295
672
170
4390
1868
1332
1060
6853
729
3901
5694
424
3127
1115
2678
7451
7336
8719
2954
915
2428
2981
195
5251
804
474
373
4735
2422
3202
5627
3379
3460
1311
2183
409
2842
2019
2545
2877
506
3730
292
2241
770
2405
86
4574
4108
5242
7783
2891
8322
96
41
4931
1608
1769
541
2958
1684
724
5385
563
644
7807
7224
1398
2306
3154
1047
1033
3036
1334
2317
4436
2336
1006
3200
1811
9209
164
308
1363
3114
194
5827
144
2644
633
1249
1781
1593
9456
2744
256
4544
5358
1614
447
6765
3249
7971
5188
3125
3993
4153
1324
1445
1729
1571
3253
2176
3263
1132
386
7267
467
4071
2175
5997
1329
3618
3067
4853
7301
1020
2171
754
364
8684
916
162
444
985
4836
4208
4486
3925
1781
4873
294
6786
1069
1324
2535
6586
1957
6160
6288
6802
169
6599
5831
3905
4527
2897
3317
2024
4214
1662
1789
974
923
636
4975
1938
6680
116
1892
123
4999
730
202
2553
3800
266
3169
2320
6042
1
510
580
796
4602
1285
3938
5862
3422
5149
2605
1698
2558
1177
3988
684
57
1624
2389
1394
1258
2017
5113
437
2381
132
2330
336
95
459
6060
5109
900
1147
1131
497
727
113
9031
254
590
8163
740
909
4887
8195
1228
2981
4061
2957
2688
2753
2064
623
423
3602
3955
1588
7136
4611
2752
2005
360
1375
4902
1304
1063
1290
2529
5891
1746
5620
1977
630
229
507
1388
413
121
7706
548
1620
521
173
5028
5185
643
4286
2845
1037
1609
7927
58
4344
249
2539
608
2654
2615
3927
542
5808
56
2587
2080
5440
5321
5573
6604
3098
309
604
1588
3362
2120
3412
419
6404
1148
2377
1005
6559
249
386
796
231
3462
895
2855
3266
1966
783
664
217
604
4545
469
1251
532
3593
255
2451
984
43
1241
773
5167
463
3140
21
8438
111
2872
3012
637
7523
166
2244
4532
116
5
1712
2157
891
6828
6741
4597
562
561
1449
1299
2284
563
1434
6266
3562
2141
258
1858
3322
906
9522
4006
4706
1430
2519
609
1837
1679
1450
5425
5213
5043
976
33
909
2682
401
695
4191
1289
4111
3245
3998
136
106
6998
537
4821
213
2880
8
3212
1236
2720
1480
680
87
3764
1388
860
4637
3158
5002
4582
871
188
3775
6689
6041
5828
2844
5391
2657
785
6139
5147
354
3494
5394
5162
1796
2197
2064
3794
4387
176
2986
722
765
2973
7239
125
1848
36
4107
3836
452
4466
4590
413
2403
618
4789
501
2827
9058
1241
46
3384
1181
582
2153
5667
626
434
4007
1045
267
6448
719
84
6077
5357
4450
1014
1483
3063
6670
254
1662
6990
4115
2903
772
1500
6308
2888
3313
1015
6606
1508
3044
2039
4906
5490
2249
803
659
1328
80
5162
5724
569
1163
1298
1789
4168
7334
716
1533
6208
2853
4418
1619
1747
7298
810
106
1720
1723
3909
6607
5482
2197
1309
260
1956
3345
9845
369
2581
745
6484
6699
1566
239
999
5484
1107
1515
910
71
7030
4208
2053
630
4502
3742
127
9754
1846
5301
1042
5736
4007
8279
3845
3193
1120
7814
427
2589
1586
4519
6705
1465
1279
8754
111
2889
1454
2701
4965
4932
993
46
504
1209
1782
52
117
656
5378
4251
4133
3619
969
3544
3355
2775
5005
4101
666
3956
958
666
2083
7494
6767
9211
6209
5574
2073
1089
3796
2924
1659
6817
5972
5236
6567
3480
5412
1031
244
997
7144
694
3110
8525
3566
294
10187
138
118
580
1557
1809
7983
4049
846
1300
4966
2643
1064
4533
3291
1661
3335
2822
330
5634
870
3466
2368
3193
4206
3266
5146
1069
2436
1205
172
120
5154
4508
3094
3848
63
4160
4031
953
6620
1571
3626
571
5402
6685
2498
1028
4638
1158
194
979
694
4382
4189
2535
2760
7118
4276
47
948
445
7108
4015
879
142
106
8906
7094
8913
2133
1799
431
4210
120
826
1864
1867
5119
7541
75
667
405
4173
3790
4482
7719
1885
2653
2561
3545
157
7146
3266
1510
9496
6694
7549
13
434
469
2818
6582
469
562
17
2588
3425
5478
661
901
1147
554
166
6349
660
8966
1222
242
180
1953
2871
1270
3603
3722
930
7042
208
7447
340
1982
86
82
7440
6739
1025
2649
6356
4744
277
2580
369
5210
360
1295
930
4921
2313
1215
333
72
1655
7269
7574
51
675
423
211
1739
6838
5155
263
1133
5174
1238
3127
1239
2908
4354
990
1604
4020
3424
5874
7844
3177
1436
320
227
3555
1395
5984
1347
2667
6878
6087
4811
8837
593
2457
7011
997
5779
563
2972
6091
128
1005
854
2007
2075
3254
6888
9340
2338
480
1403
2590
2479
3271
719
892
3891
267
3742
2448
1681
700
2576
199
802
181
1864
2962
330
1376
130
3171
112
2439
6279
628
1939
3020
29
3173
1012
267
5672
923
2862
803
612
5164
307
2924
1722
4429
220
7809
979
473
4352
6945
1847
3406
6
1318
1289
5455
1614
4977
548
788
5626
8404
4742
4837
2172
9072
2987
3622
1226
4792
531
5610
9185
345
7904
2913
19
3913
2349
4173
4749
3096
1310
2561
6714
540
5260
394
3353
829
8922
4268
893
4501
4941
413
674
131
3341
1065
1275
2171
8112
1030
188
1035
501
27
2173
4112
4773
278
5201
2310
2349
1307
7588
7630
91
285
18
1848
3264
4258
2126
6286
5638
1584
733
7925
2897
69
1141
2518
505
897
1535
1181
1871
1680
301
5269
2001
235
5436
4190
441
9157
905
688
9790
1731
3490
2256
3103
6089
789
2304
3594
4942
3658
5476
5909
730
1699
4130
4647
518
4539
2207
646
227
2191
4346
347
637
8357
1146
2941
173
1294
224
8057
2450
92
380
239
