89
564
13
960
507
134
340
250
526
971
122
873
659
139
71
684
127
783
229
111
232
600
160
429
158
53
218
257
150
431
400
456
385
293
314
45
317
126
124
139
28
646
509
292
852
182
406
927
568
402
495
105
45
85
265
111
316
24
627
44
746
781
168
514
1047
428
970
36
567
136
639
208
731
537
327
95
185
727
46
32
60
347
420
248
177
137
818
8
640
74
76
127
27
92
153
734
468
266
55
643
198
31
289
585
131
90
111
39
406
424
134
257
156
125
795
945
80
491
82
58
659
4
446
388
34
241
89
260
63
271
936
382
118
8
111
219
116
706
37
755
625
4
712
161
110
24
121
114
236
119
88
469
1003
807
27
374
302
140
266
344
319
161
71
264
263
76
751
299
709
550
109
314
513
324
19
654
198
47
116
519
216
559
191
386
473
199
51
167
18
1
270
60
241
104
243
504
506
61
404
979
49
214
320
431
702
10
460
31
222
658
427
184
76
328
126
286
921
167
284
495
23
342
201
654
292
753
117
490
156
357
411
664
172
57
78
507
516
64
342
43
198
523
746
84
545
323
417
824
56
40
49
757
86
55
651
20
143
215
137
369
4
623
222
303
392
417
402
260
82
159
11
580
229
163
124
93
661
176
258
141
191
97
486
131
587
302
3
871
717
259
116
794
71
835
100
325
305
468
473
23
346
40
610
339
136
702
19
355
444
154
172
125
35
298
424
16
41
289
516
174
687
433
41
282
990
432
8
293
67
288
376
76
222
294
486
384
16
259
10
670
172
728
70
507
15
449
296
590
497
753
140
257
411
34
13
98
125
32
561
161
85
457
280
656
289
779
8
127
253
158
1062
747
143
398
27
96
678
224
261
344
249
1020
926
158
90
406
524
215
466
259
284
165
23
361
202
225
127
615
253
548
232
437
99
345
118
704
448
727
50
19
83
425
712
650
18
766
237
350
676
9
115
250
271
343
4
113
30
122
166
620
699
85
798
82
519
737
26
228
300
202
16
861
492
233
22
187
200
545
14
1039
264
95
297
256
63
1088
212
501
675
36
379
169
47
362
88
153
686
24
73
916
889
110
280
233
526
352
178
609
346
61
62
57
406
204
88
632
65
147
13
378
598
54
62
24
254
3
291
201
437
45
624
619
181
88
631
79
278
49
639
356
330
255
446
23
204
343
642
536
142
95
114
428
384
504
176
203
145
176
210
84
360
219
271
129
432
758
37
529
161
211
188
270
19
35
474
208
159
115
417
85
139
121
460
346
360
344
665
694
595
501
314
430
50
578
108
26
440
13
131
184
411
111
298
685
491
130
454
41
876
454
1018
553
218
349
164
370
270
138
677
900
157
405
238
240
498
809
259
186
376
405
640
138
303
215
152
770
327
18
344
85
121
28
66
636
305
239
11
22
592
46
56
431
24
446
226
49
344
516
614
749
1028
87
8
416
215
22
702
300
8
580
87
565
34
676
314
440
869
206
550
636
250
173
25
333
198
175
627
738
626
174
42
10
423
99
642
199
6
81
226
535
38
23
310
165
423
589
192
629
562
15
956
73
207
682
89
318
176
415
180
143
835
594
95
246
593
240
303
160
1026
611
401
597
490
257
164
181
304
468
15
480
52
691
923
207
481
326
581
432
147
89
552
252
112
79
389
783
982
288
408
472
25
95
160
407
417
923
192
84
238
78
257
20
170
474
366
113
485
756
98
432
145
1
39
368
115
388
426
546
28
91
498
463
595
413
161
370
146
97
353
439
86
553
227
544
39
142
123
808
36
14
495
184
117
169
475
1004
341
708
574
280
315
10
220
219
502
473
35
421
144
238
23
553
1107
698
212
11
593
343
427
171
9
184
952
109
124
182
939
186
332
315
55
118
42
294
37
93
212
977
206
283
242
288
495
189
957
327
67
35
817
312
1
20
247
67
111
450
109
660
15
211
60
68
962
350
637
314
488
205
42
384
77
442
587
567
451
24
685
259
885
82
137
704
208
578
308
384
404
740
183
227
90
170
286
139
136
293
539
574
220
606
924
244
205
162
155
133
164
48
37
482
34
39
53
43
432
160
64
242
182
537
319
362
42
331
123
162
625
294
112
335
571
526
139
284
131
142
220
83
121
20
665
806
398
529
196
196
134
45
210
20
850
31
613
768
67
410
578
37
47
376
237
254
69
182
241
289
45
281
1023
349
195
199
793
655
424
25
79
74
946
44
76
307
41
562
59
549
222
238
610
95
295
83
196
271
197
326
315
681
421
1111
28
165
648
67
681
592
1052
110
156
37
