1000
5 2
183 148 29 147 32 
5 2
198 154 95 153 131 
5 2
191 138 2 32 81 
5 2
116 75 146 23 190 
5 2
52 29 102 89 137 
5 2
128 48 189 166 62 
5 2
120 11 52 196 70 
5 2
101 37 147 8 173 
5 2
23 6 96 192 46 
5 2
78 72 73 61 39 
5 2
158 139 3 55 58 
5 2
126 117 100 2 174 
5 2
162 62 35 71 21 
5 2
133 18 165 44 118 
5 2
109 180 103 14 11 
5 2
82 50 123 188 3 
5 2
63 94 56 12 128 
5 2
179 104 144 120 185 
5 2
146 117 72 62 40 
5 2
97 158 115 89 85 
5 2
159 17 155 26 188 
5 2
160 64 15 126 76 
5 2
150 114 182 83 22 
5 2
101 89 146 28 198 
5 2
187 11 123 170 47 
5 2
5 103 190 83 49 
5 2
193 92 116 123 143 
5 2
173 96 63 78 9 
5 2
86 195 3 33 38 
5 2
47 20 183 163 170 
5 2
97 139 40 179 107 
5 2
120 195 14 5 184 
5 2
200 178 129 92 36 
5 2
89 152 127 96 65 
5 2
103 13 92 83 178 
5 2
104 141 44 55 136 
5 2
193 42 199 195 63 
5 2
14 137 159 18 64 
5 2
15 57 89 110 145 
5 2
173 99 105 99 3 
5 2
129 48 177 77 17 
5 2
124 180 175 38 102 
5 2
172 2 45 114 10 
5 2
18 35 74 16 114 
5 2
127 183 14 82 9 
5 2
41 20 190 79 4 
5 2
91 76 94 146 171 
5 2
189 95 51 167 142 
5 2
105 168 131 163 2 
5 2
41 73 54 37 83 
5 2
120 69 129 36 9 
5 2
9 67 140 101 55 
5 2
45 127 173 126 119 
5 2
31 25 156 57 2 
5 2
168 53 138 176 173 
5 2
138 42 109 194 189 
5 2
120 198 128 45 128 
5 2
200 138 126 78 173 
5 2
128 67 78 173 10 
5 2
27 200 16 167 118 
5 2
53 176 31 185 138 
5 2
38 95 63 4 55 
5 2
75 185 92 60 51 
5 2
162 84 83 197 116 
5 2
105 146 74 3 118 
5 2
158 179 26 88 8 
5 2
17 9 87 118 157 
5 2
33 30 83 44 183 
5 2
134 183 159 200 33 
5 2
140 39 84 126 178 
5 2
140 15 96 53 28 
5 2
16 65 196 192 127 
5 2
190 145 105 28 72 
5 2
90 87 143 35 142 
5 2
55 103 129 151 50 
5 2
130 157 117 52 186 
5 2
196 90 78 187 77 
5 2
116 27 26 43 196 
5 2
46 101 103 75 56 
5 2
188 111 131 183 50 
5 2
11 169 20 83 107 
5 2
64 197 34 53 168 
5 2
19 90 57 52 80 
5 2
189 173 7 6 114 
5 2
112 155 36 34 45 
5 2
187 6 105 33 36 
5 2
199 155 143 3 200 
5 2
168 171 84 24 59 
5 2
162 44 45 132 194 
5 2
53 38 145 94 99 
5 2
139 182 92 34 107 
5 2
54 192 78 74 69 
5 2
3 45 133 173 4 
5 2
194 55 111 93 112 
5 2
77 192 130 3 148 
5 2
109 33 128 110 179 
5 2
102 133 17 123 39 
5 2
180 61 18 7 118 
5 2
105 72 63 173 151 
5 2
6 98 25 81 138 
5 2
149 159 193 153 43 
5 2
166 122 186 184 37 
5 2
81 122 146 192 61 
5 2
187 11 195 95 178 
5 2
175 117 186 120 49 
5 2
180 158 58 58 45 
5 2
107 187 77 36 80 
5 2
193 149 1 122 142 
5 2
32 142 65 136 126 
5 2
49 33 71 80 27 
5 2
164 65 13 117 61 
5 2
107 93 156 44 61 
5 2
53 195 190 27 62 
5 2
48 141 39 65 29 
5 2
111 148 42 85 123 
5 2
136 153 114 23 3 
5 2
17 16 190 139 103 
5 2
36 21 21 145 3 
5 2
180 6 176 126 96 
5 2
118 125 48 167 123 
5 2
40 91 4 97 79 
5 2
115 185 72 156 13 
5 2
75 103 104 173 149 
5 2
181 68 77 47 191 
5 2
167 53 109 148 72 
5 2
198 116 150 111 7 
5 2
5 77 134 164 124 
5 2
114 56 10 111 30 
5 2
132 174 106 134 99 
5 2
82 121 148 187 133 
5 2
43 184 79 10 95 
5 2
76 122 35 18 23 
5 2
162 150 46 46 133 
5 2
126 99 23 95 66 
5 2
8 151 25 77 173 
5 2
12 22 154 110 31 
5 2
164 106 145 136 99 
5 2
88 56 187 145 43 
5 2
188 58 159 149 27 
5 2
79 3 21 141 128 
5 2
86 175 47 39 29 
5 2
7 124 89 133 25 
5 2
155 3 188 111 107 
5 2
98 195 111 29 198 
5 2
84 35 97 133 85 
5 2
138 151 158 82 172 
5 2
103 74 177 106 61 
5 2
129 47 4 127 122 
5 2
97 148 58 133 101 
5 2
109 113 88 155 141 
5 2
122 103 180 3 98 
5 2
184 99 151 167 46 
5 2
153 155 57 11 86 
5 2
152 190 128 40 61 
5 2
184 121 135 41 188 
5 2
106 98 153 88 41 
5 2
200 4 107 170 17 
5 2
170 194 181 26 3 
5 2
109 19 62 88 70 
5 2
40 18 158 138 141 
5 2
195 42 113 82 168 
5 2
79 8 145 149 18 
5 2
114 58 21 158 123 
5 2
199 123 152 57 106 
5 2
192 189 83 3 86 
5 2
141 115 61 151 10 
5 2
188 59 184 9 56 
5 2
88 116 82 42 166 
5 2
53 120 161 144 152 
5 2
64 193 155 179 50 
5 2
29 96 51 7 50 
5 2
24 19 53 111 57 
5 2
9 142 7 24 139 
5 2
146 12 158 2 82 
5 2
131 146 157 70 183 
5 2
151 199 196 199 68 
5 2
65 167 149 59 154 
5 2
167 27 1 98 77 
5 2
124 75 18 9 129 
5 2
117 37 116 165 142 
5 2
157 143 61 127 163 
5 2
163 149 187 194 70 
5 2
156 36 65 30 126 
5 2
91 151 83 172 145 
5 2
72 109 36 76 84 
5 2
131 107 131 75 107 
5 2
195 6 27 171 24 
5 2
12 151 158 111 128 
5 2
87 74 1 175 85 
5 2
139 43 49 133 118 
5 2
197 52 126 98 101 
5 2
24 126 127 15 118 
5 2
85 114 158 119 158 
5 2
180 196 105 93 81 
5 2
74 67 11 2 125 
5 2
26 41 68 41 59 
5 2
65 49 114 97 124 
5 2
147 121 130 85 195 
5 2
76 180 130 112 113 
5 2
33 57 146 134 32 
5 2
68 130 11 24 148 
5 2
79 109 200 121 85 
5 2
12 178 151 55 60 
5 2
9 51 24 13 77 
5 2
88 171 159 48 60 
5 2
153 64 192 33 124 
5 2
175 165 76 175 95 
5 2
48 33 56 200 122 
5 2
69 54 93 123 131 
5 2
27 81 80 153 93 
5 2
200 178 113 25 108 
5 2
20 111 27 85 25 
5 2
196 77 149 158 185 
5 2
10 130 147 57 73 
5 2
92 89 152 147 4 
5 2
123 61 179 54 11 
5 2
3 154 93 147 134 
5 2
27 147 146 30 78 
5 2
155 21 42 181 21 
5 2
96 122 32 4 93 
5 2
134 91 48 176 113 
5 2
194 106 179 37 5 
5 2
156 10 32 97 185 
5 2
148 53 148 63 88 
5 2
47 186 179 177 172 
5 2
76 104 96 126 104 
5 2
111 192 32 147 29 
5 2
138 171 42 167 172 
5 2
63 159 83 118 74 
5 2
54 57 119 157 136 
5 2
13 72 96 116 95 
5 2
104 78 142 1 118 
5 2
195 124 7 140 73 
5 2
123 197 106 62 58 
5 2
9 176 164 140 85 
5 2
117 167 115 85 2 
5 2
135 195 98 15 78 
5 2
131 198 152 176 96 
5 2
119 133 68 78 33 
5 2
106 151 190 181 32 
5 2
2 101 101 155 188 
5 2
13 139 187 159 40 
5 2
59 39 113 105 50 
5 2
47 91 60 116 95 
5 2
175 66 39 89 181 
5 2
53 128 7 68 94 
5 2
186 77 193 192 194 
5 2
130 128 169 61 36 
5 2
7 89 159 33 30 
5 2
42 152 45 195 149 
5 2
159 91 106 167 1 
5 2
37 33 57 92 9 
5 2
27 152 58 114 113 
5 2
77 86 39 174 11 
5 2
75 9 104 74 12 
5 2
51 11 10 96 183 
5 2
20 132 91 160 9 
5 2
6 64 198 113 189 
5 2
83 71 33 115 170 
5 2
119 38 61 122 143 
5 2
110 113 143 20 8 
5 2
139 191 25 153 156 
5 2
174 186 47 1 138 
5 2
181 92 34 21 173 
5 2
36 35 126 168 62 
5 2
133 104 56 82 21 
5 2
50 83 8 189 174 
5 2
23 86 122 153 149 
5 2
15 146 173 177 92 
5 2
154 174 169 53 64 
5 2
9 169 160 88 21 
5 2
172 173 69 109 149 
5 2
62 15 151 50 121 
5 2
48 76 11 187 186 
5 2
102 27 109 90 7 
5 2
127 179 17 27 112 
5 2
94 158 159 54 143 
5 2
182 36 145 8 150 
5 2
100 23 30 195 185 
5 2
104 89 43 27 100 
5 2
183 47 41 3 194 
5 2
15 27 89 197 176 
5 2
148 147 163 57 29 
5 2
34 105 82 33 85 
5 2
72 77 12 40 176 
5 2
121 147 142 92 199 
5 2
25 86 108 9 115 
5 2
43 169 105 133 150 
5 2
138 48 175 199 102 
5 2
165 26 105 5 57 
5 2
136 187 155 13 45 
5 2
35 27 42 148 31 
5 2
43 109 130 188 93 
5 2
192 74 199 116 14 
5 2
80 185 163 186 131 
5 2
97 184 19 199 126 
5 2
123 192 157 170 158 
5 2
167 51 105 150 6 
5 2
147 166 150 124 88 
5 2
167 68 63 105 178 
5 2
170 139 182 193 84 
5 2
16 40 64 150 99 
5 2
152 16 27 97 88 
5 2
65 88 2 16 160 
5 2
170 36 22 54 110 
5 2
47 13 25 186 39 
5 2
93 43 49 5 139 
5 2
80 3 194 198 135 
5 2
142 14 58 53 68 
5 2
190 92 160 165 36 
5 2
179 24 18 31 16 
5 2
167 174 63 164 141 
5 2
91 19 142 120 171 
5 2
33 42 137 6 103 
5 2
171 181 152 45 167 
5 2
119 9 176 109 185 
5 2
155 168 23 170 136 
5 2
20 200 86 93 45 
5 2
10 83 73 125 118 
5 2
156 56 182 8 67 
5 2
42 5 7 175 31 
5 2
163 66 65 164 91 
5 2
105 158 90 84 190 
5 2
83 194 41 86 56 
5 2
129 27 60 166 50 
5 2
173 154 39 63 191 
5 2
61 188 127 110 112 
5 2
180 160 181 196 104 
5 2
55 68 108 20 24 
5 2
36 76 191 130 101 
5 2
130 132 87 95 181 
5 2
38 94 33 143 118 
5 2
105 143 174 107 110 
5 2
161 131 105 111 94 
5 2
93 165 115 15 138 
5 2
1 109 64 191 151 
5 2
9 175 111 158 48 
5 2
75 178 50 194 29 
5 2
14 86 180 97 174 
5 2
39 57 50 101 110 
5 2
96 34 163 127 149 
5 2
82 127 73 82 78 
5 2
115 162 44 73 160 
5 2
192 92 187 182 126 
5 2
104 142 97 102 62 
5 2
18 109 159 1 152 
5 2
78 79 188 15 193 
5 2
104 137 91 51 138 
5 2
33 160 32 149 161 
5 2
86 130 129 94 57 
5 2
153 177 118 87 113 
5 2
177 15 169 167 103 
5 2
24 95 169 148 179 
5 2
64 118 186 21 171 
5 2
117 6 22 53 134 
5 2
45 120 165 4 72 
5 2
168 73 76 22 79 
5 2
120 108 196 119 66 
5 2
42 178 167 9 108 
5 2
43 46 126 116 116 
5 2
55 147 93 155 162 
5 2
26 65 79 142 165 
5 2
175 187 163 197 49 
5 2
45 185 186 3 185 
5 2
159 26 34 19 52 
5 2
62 138 179 146 84 
5 2
177 137 118 119 150 
5 2
58 191 124 34 41 
5 2
46 119 9 87 122 
5 2
66 193 133 154 183 
5 2
76 37 151 172 135 
5 2
158 126 99 53 177 
5 2
138 9 41 136 55 
5 2
45 185 100 67 51 
5 2
8 182 124 6 194 
5 2
59 103 199 25 86 
5 2
38 38 109 51 141 
5 2
46 130 159 101 36 
5 2
89 77 25 77 73 
5 2
137 70 192 180 45 
5 2
31 68 149 86 22 
5 2
36 9 55 177 73 
5 2
145 65 153 111 88 
5 2
38 200 47 136 20 
5 2
149 115 132 97 161 
5 2
20 8 51 123 19 
5 2
136 50 118 78 160 
5 2
172 20 112 76 8 
5 2
65 34 121 196 97 
5 2
196 114 161 119 102 
5 2
139 161 163 29 135 
5 2
48 169 20 91 53 
5 2
92 171 68 164 150 
5 2
198 17 77 144 156 
5 2
47 4 143 23 176 
5 2
49 151 80 171 113 
5 2
144 52 57 187 133 
5 2
200 187 113 187 136 
5 2
152 24 89 96 175 
5 2
144 186 73 161 12 
5 2
183 120 193 85 152 
5 2
162 193 27 124 37 
5 2
87 134 191 9 49 
5 2
125 140 191 170 195 
5 2
199 1 104 32 182 
5 2
162 154 167 3 93 
5 2
137 15 49 159 118 
5 2
28 9 195 74 15 
5 2
47 123 122 105 194 
5 2
136 72 120 181 200 
5 2
85 5 162 143 125 
5 2
134 134 170 68 72 
5 2
136 41 83 189 83 
5 2
104 37 11 55 166 
5 2
23 52 118 168 162 
5 2
196 97 52 198 42 
5 2
23 33 34 166 1 
5 2
152 123 166 75 124 
5 2
104 78 189 190 151 
5 2
155 55 49 81 28 
5 2
43 188 128 30 73 
5 2
55 181 75 182 99 
5 2
63 171 93 40 152 
5 2
9 88 105 143 86 
5 2
12 88 152 25 163 
5 2
54 39 18 196 114 
5 2
168 131 2 194 81 
5 2
5 6 45 185 83 
5 2
198 84 146 86 67 
5 2
87 14 167 172 132 
5 2
157 81 103 188 188 
5 2
169 143 17 138 80 
5 2
15 177 44 86 46 
5 2
66 95 52 127 73 
5 2
197 73 111 154 193 
5 2
78 57 57 144 140 
5 2
58 187 34 102 83 
5 2
53 39 175 123 189 
5 2
100 190 60 172 152 
5 2
125 83 144 151 75 
5 2
155 103 32 119 116 
5 2
113 30 67 156 133 
5 2
18 164 9 41 123 
5 2
114 151 146 118 174 
5 2
55 96 94 161 10 
5 2
184 107 11 32 156 
5 2
80 170 132 15 6 
5 2
75 14 193 1 178 
5 2
51 27 177 144 160 
5 2
89 91 34 57 119 
5 2
100 79 164 82 34 
5 2
5 70 182 63 114 
5 2
160 120 59 67 54 
5 2
143 178 32 123 173 
5 2
71 81 35 181 44 
5 2
64 78 88 109 106 
5 2
70 186 104 182 81 
5 2
84 92 171 174 148 
5 2
72 136 130 113 200 
5 2
23 124 162 45 53 
5 2
172 134 41 139 39 
5 2
187 175 42 196 30 
5 2
143 128 99 172 26 
5 2
99 129 175 149 123 
5 2
2 99 11 22 3 
5 2
93 74 86 7 157 
5 2
150 49 23 164 142 
5 2
156 7 90 125 10 
5 2
11 95 41 96 38 
5 2
57 65 36 186 135 
5 2
22 97 195 85 58 
5 2
34 113 117 156 164 
5 2
30 4 183 143 28 
5 2
194 56 192 70 26 
5 2
170 126 25 109 67 
5 2
184 44 182 29 108 
5 2
97 185 41 28 186 
5 2
91 31 4 148 163 
5 2
34 123 143 139 149 
5 2
144 133 41 69 67 
5 2
101 24 178 29 91 
5 2
69 168 142 70 156 
5 2
129 167 102 138 42 
5 2
143 200 46 72 7 
5 2
51 131 135 108 186 
5 2
111 102 44 54 113 
5 2
10 193 134 146 173 
5 2
93 138 134 69 186 
5 2
119 80 148 57 172 
5 2
62 45 153 199 136 
5 2
150 148 34 91 178 
5 2
119 125 33 100 66 
5 2
75 143 119 3 120 
5 2
167 147 120 141 138 
5 2
143 141 165 195 99 
5 2
55 14 14 52 17 
5 2
154 82 3 194 59 
5 2
177 182 163 167 151 
5 2
5 36 101 119 130 
5 2
58 190 54 96 48 
5 2
155 152 20 185 113 
5 2
134 71 1 175 145 
5 2
169 114 79 14 71 
5 2
192 83 156 145 24 
5 2
112 18 136 83 24 
5 2
105 191 106 54 81 
5 2
11 21 55 27 166 
5 2
186 39 64 28 101 
5 2
191 84 69 159 61 
5 2
92 42 116 34 53 
5 2
75 160 131 151 150 
5 2
79 69 115 8 158 
5 2
13 54 51 196 143 
5 2
5 163 138 184 49 
5 2
13 13 148 153 1 
5 2
13 50 195 34 157 
5 2
14 27 39 6 121 
5 2
118 82 138 3 71 
5 2
33 103 58 17 54 
5 2
76 32 29 58 15 
5 2
88 71 131 163 161 
5 2
14 81 138 104 74 
5 2
28 192 71 147 140 
5 2
83 19 12 87 181 
5 2
30 178 141 173 135 
5 2
190 66 189 182 159 
5 2
144 56 92 28 86 
5 2
134 148 35 113 134 
5 2
135 3 37 151 17 
5 2
192 153 35 156 37 
5 2
38 2 197 77 54 
5 2
19 170 64 61 55 
5 2
69 60 130 139 112 
5 2
149 178 92 46 198 
5 2
156 181 94 121 51 
5 2
29 129 182 2 180 
5 2
112 52 157 197 142 
5 2
110 42 85 74 33 
5 2
25 169 64 36 58 
5 2
28 17 181 42 75 
5 2
86 8 146 2 198 
5 2
111 14 189 23 83 
5 2
72 70 192 107 62 
5 2
176 122 81 32 18 
5 2
128 41 73 112 89 
5 2
84 1 194 170 183 
5 2
114 2 99 187 94 
5 2
113 68 67 82 26 
5 2
121 41 127 141 141 
5 2
55 171 192 159 174 
5 2
49 103 128 178 112 
5 2
40 196 142 5 191 
5 2
148 93 182 65 184 
5 2
23 94 1 22 54 
5 2
118 9 147 94 98 
5 2
145 57 3 158 90 
5 2
22 50 36 19 145 
5 2
95 142 77 74 185 
5 2
174 98 158 68 85 
5 2
163 18 199 88 47 
5 2
162 149 152 21 6 
5 2
160 180 44 72 187 
5 2
148 58 170 47 65 
5 2
81 77 93 88 147 
5 2
19 12 75 65 52 
5 2
29 87 83 183 73 
5 2
138 58 106 130 155 
5 2
166 141 131 103 139 
5 2
84 80 161 178 45 
5 2
5 113 158 139 8 
5 2
10 72 51 11 25 
5 2
46 46 164 35 26 
5 2
35 9 131 140 161 
5 2
98 108 39 63 136 
5 2
139 11 147 186 109 
5 2
66 89 166 41 97 
5 2
112 145 99 43 27 
5 2
171 108 26 93 102 
5 2
141 156 53 147 61 
5 2
82 71 82 78 7 
5 2
143 102 155 154 90 
5 2
92 42 5 189 132 
5 2
23 161 131 126 71 
5 2
157 196 183 68 197 
5 2
182 162 133 126 7 
5 2
174 127 162 43 146 
5 2
101 196 193 15 140 
5 2
61 139 31 154 45 
5 2
94 125 118 62 96 
5 2
90 175 180 86 88 
5 2
34 34 122 31 149 
5 2
162 177 147 144 108 
5 2
34 110 3 126 131 
5 2
109 171 54 176 87 
5 2
38 26 179 51 38 
5 2
102 93 128 190 11 
5 2
17 107 74 90 150 
5 2
9 2 71 41 33 
5 2
163 167 97 37 188 
5 2
49 136 178 188 56 
5 2
42 199 185 31 159 
5 2
24 4 51 199 47 
5 2
106 116 27 18 130 
5 2
118 143 189 169 44 
5 2
57 120 178 12 51 
5 2
109 49 191 152 34 
5 2
40 144 139 175 80 
5 2
66 132 45 191 128 
5 2
115 25 17 98 80 
5 2
176 180 168 9 130 
5 2
34 171 109 50 168 
5 2
16 127 9 193 72 
5 2
154 198 71 187 14 
5 2
163 195 91 122 9 
5 2
138 132 100 109 99 
5 2
196 108 75 141 134 
5 2
3 114 20 63 149 
5 2
123 33 44 147 168 
5 2
60 129 159 182 109 
5 2
59 172 176 53 53 
5 2
151 29 73 45 32 
5 2
93 46 168 81 102 
5 2
170 153 114 137 76 
5 2
90 14 185 132 19 
5 2
120 177 36 129 108 
5 2
32 32 149 35 61 
5 2
4 166 115 44 173 
5 2
68 22 24 16 78 
5 2
144 97 93 151 49 
5 2
67 104 55 35 24 
5 2
120 78 66 17 36 
5 2
33 82 151 86 120 
5 2
71 104 52 46 30 
5 2
196 192 56 86 76 
5 2
122 44 39 50 91 
5 2
86 174 89 131 181 
5 2
139 97 118 71 154 
5 2
103 162 193 87 161 
5 2
141 181 100 173 189 
5 2
22 174 138 51 13 
5 2
46 124 147 155 189 
5 2
12 187 94 11 79 
5 2
159 40 175 129 89 
5 2
197 113 89 48 179 
5 2
176 66 117 152 8 
5 2
1 13 142 192 199 
5 2
151 150 79 7 1 
5 2
124 153 72 136 26 
5 2
130 169 193 173 166 
5 2
199 87 134 95 142 
5 2
67 97 73 135 109 
5 2
89 175 190 157 95 
5 2
99 46 60 174 2 
5 2
151 16 40 120 112 
5 2
35 15 71 183 48 
5 2
101 99 77 186 53 
5 2
93 75 61 164 135 
5 2
161 58 75 117 74 
5 2
11 113 61 31 42 
5 2
73 179 15 163 155 
5 2
48 109 121 42 136 
5 2
159 74 86 72 20 
5 2
3 56 144 151 94 
5 2
41 52 183 179 124 
5 2
31 102 39 59 7 
5 2
167 61 40 103 77 
5 2
138 111 173 86 199 
5 2
111 177 172 55 84 
5 2
26 188 100 3 75 
5 2
112 115 26 191 190 
5 2
13 101 12 1 105 
5 2
111 185 174 166 4 
5 2
157 192 81 189 3 
5 2
121 142 131 180 197 
5 2
196 120 151 78 70 
5 2
183 159 46 141 197 
5 2
159 64 173 118 100 
5 2
167 44 156 99 65 
5 2
50 108 85 52 25 
5 2
130 127 181 45 90 
5 2
38 174 141 113 165 
5 2
120 28 36 70 169 
5 2
89 164 182 85 39 
5 2
81 77 1 83 14 
5 2
26 91 158 25 133 
5 2
11 172 29 81 163 
5 2
107 118 78 75 146 
5 2
43 163 106 4 197 
5 2
99 70 162 173 157 
5 2
47 199 51 9 101 
5 2
172 86 71 121 17 
5 2
188 14 14 167 181 
5 2
49 131 22 166 82 
5 2
89 159 86 105 108 
5 2
87 97 36 61 104 
5 2
110 69 131 161 176 
5 2
197 75 80 75 165 
5 2
113 45 85 114 147 
5 2
22 15 150 18 157 
5 2
44 151 133 159 128 
5 2
81 36 127 5 105 
5 2
1 138 62 130 162 
5 2
140 107 180 198 193 
5 2
100 158 162 20 191 
5 2
30 137 190 181 157 
5 2
94 30 54 65 127 
5 2
116 59 144 103 44 
5 2
41 169 96 54 185 
5 2
144 76 6 65 128 
5 2
113 174 101 74 135 
5 2
183 65 87 24 136 
5 2
31 50 78 104 182 
5 2
171 19 134 104 93 
5 2
107 181 189 15 93 
5 2
134 140 159 99 136 
5 2
6 200 130 183 18 
5 2
54 47 148 34 170 
5 2
178 23 107 153 88 
5 2
5 121 18 131 93 
5 2
54 159 10 34 180 
5 2
17 80 173 163 167 
5 2
169 68 61 184 147 
5 2
172 77 13 57 60 
5 2
89 43 65 86 59 
5 2
175 81 8 176 140 
5 2
25 30 145 105 139 
5 2
151 41 127 146 196 
5 2
17 68 41 188 135 
5 2
34 8 17 141 97 
5 2
79 142 29 10 147 
5 2
98 18 137 119 95 
5 2
176 181 162 39 109 
5 2
1 33 103 42 191 
5 2
168 31 73 24 83 
5 2
51 50 157 159 54 
5 2
155 157 113 88 18 
5 2
105 34 151 29 85 
5 2
125 30 119 27 1 
5 2
13 103 48 22 64 
5 2
143 100 26 156 103 
5 2
57 72 43 193 179 
5 2
199 115 1 161 94 
5 2
27 194 174 200 60 
5 2
101 26 198 162 183 
5 2
95 50 75 154 94 
5 2
91 54 156 141 16 
5 2
65 120 59 117 75 
5 2
166 101 97 198 134 
5 2
177 8 105 185 57 
5 2
30 90 136 84 181 
5 2
35 98 13 1 174 
5 2
37 112 43 162 172 
5 2
45 110 93 45 133 
5 2
84 121 165 29 22 
5 2
115 162 65 200 185 
5 2
155 46 199 68 17 
5 2
77 75 5 168 125 
5 2
127 64 113 129 64 
5 2
161 61 31 69 187 
5 2
200 114 196 30 35 
5 2
198 185 188 27 133 
5 2
194 197 131 98 2 
5 2
187 186 156 161 106 
5 2
23 19 90 3 178 
5 2
111 194 5 160 61 
5 2
37 131 107 193 56 
5 2
159 200 135 189 15 
5 2
196 81 66 81 104 
5 2
124 45 81 74 106 
5 2
91 17 40 24 139 
5 2
94 24 182 68 9 
5 2
169 111 167 33 31 
5 2
143 7 153 163 46 
5 2
100 64 10 5 106 
5 2
6 72 5 88 93 
5 2
23 36 59 15 4 
5 2
116 189 140 114 181 
5 2
170 59 31 92 88 
5 2
112 174 62 21 116 
5 2
3 161 72 111 125 
5 2
109 95 95 76 5 
5 2
26 106 158 170 181 
5 2
117 113 191 22 101 
5 2
142 31 57 129 36 
5 2
81 83 12 17 116 
5 2
50 65 71 151 14 
5 2
7 58 101 10 182 
5 2
130 176 54 80 83 
5 2
158 175 10 47 156 
5 2
119 193 157 174 100 
5 2
173 176 143 42 182 
5 2
11 99 119 142 114 
5 2
80 63 30 192 31 
5 2
180 111 184 80 17 
5 2
159 48 11 57 85 
5 2
181 32 36 19 48 
5 2
19 130 178 145 53 
5 2
14 163 44 144 136 
5 2
42 181 144 125 125 
5 2
114 97 80 88 58 
5 2
180 170 38 94 55 
5 2
19 100 40 37 10 
5 2
136 164 163 78 149 
5 2
58 6 167 104 129 
5 2
170 199 63 176 141 
5 2
163 70 156 59 71 
5 2
141 189 55 102 155 
5 2
113 104 166 33 180 
5 2
60 153 4 184 48 
5 2
57 27 72 157 71 
5 2
153 200 39 34 95 
5 2
9 88 13 104 150 
5 2
48 161 164 110 18 
5 2
118 112 183 139 15 
5 2
86 127 114 108 12 
5 2
33 136 199 36 56 
5 2
189 167 153 130 10 
5 2
145 159 79 75 106 
5 2
82 36 77 60 7 
5 2
188 92 18 120 95 
5 2
199 190 103 189 115 
5 2
155 69 25 46 111 
5 2
54 72 122 127 43 
5 2
119 16 186 146 169 
5 2
83 186 189 98 193 
5 2
81 161 139 180 97 
5 2
152 90 112 119 1 
5 2
164 145 188 189 127 
5 2
167 131 121 193 106 
5 2
125 54 138 26 59 
5 2
102 1 9 190 20 
5 2
18 100 66 177 198 
5 2
173 42 114 99 199 
5 2
62 115 108 136 149 
5 2
106 78 99 157 91 
5 2
33 136 40 174 47 
5 2
179 1 51 172 175 
5 2
119 75 52 100 67 
5 2
160 188 197 45 77 
5 2
96 52 161 4 53 
5 2
33 157 96 95 35 
5 2
62 20 49 188 23 
5 2
153 185 144 17 21 
5 2
189 29 102 126 69 
5 2
187 180 26 111 97 
5 2
97 171 41 3 171 
5 2
80 11 32 165 11 
5 2
179 100 20 122 158 
5 2
54 142 152 76 100 
5 2
16 162 83 179 50 
5 2
195 37 109 129 90 
5 2
70 142 58 7 174 
5 2
47 67 105 115 14 
5 2
94 140 83 116 50 
5 2
35 68 173 105 99 
5 2
104 81 126 10 64 
5 2
189 43 35 130 177 
5 2
5 153 166 156 53 
5 2
142 156 187 174 57 
5 2
85 177 100 70 176 
5 2
129 107 147 187 139 
5 2
77 58 195 71 72 
5 2
28 148 133 58 153 
5 2
17 23 30 80 179 
5 2
141 91 193 5 158 
5 2
66 144 33 147 83 
5 2
172 200 73 26 10 
5 2
71 38 188 11 113 
5 2
29 160 194 147 166 
5 2
28 54 67 42 181 
5 2
24 99 86 20 32 
5 2
6 16 182 109 78 
5 2
87 124 20 45 181 
5 2
19 14 22 186 152 
5 2
53 61 29 87 141 
5 2
47 187 115 158 73 
5 2
195 194 86 117 196 
5 2
186 74 111 147 181 
5 2
111 136 54 61 170 
5 2
7 123 149 196 60 
5 2
14 66 171 177 100 
5 2
139 14 36 2 185 
5 2
199 7 155 91 144 
5 2
114 133 46 67 124 
5 2
153 154 124 76 7 
5 2
48 74 174 112 5 
5 2
114 106 131 80 163 
5 2
193 91 42 149 141 
5 2
53 140 16 12 169 
5 2
3 29 173 153 199 
5 2
72 130 126 15 131 
5 2
24 47 109 32 6 
5 2
104 98 198 141 115 
5 2
160 47 88 11 69 
5 2
123 188 53 157 87 
5 2
102 38 103 60 168 
5 2
16 153 160 115 152 
5 2
55 67 44 176 157 
5 2
92 180 107 67 102 
5 2
117 122 72 47 101 
5 2
180 99 40 3 11 
5 2
188 172 142 29 16 
5 2
60 59 173 103 159 
5 2
83 87 110 89 11 
5 2
16 27 129 99 55 
5 2
150 100 12 100 42 
5 2
193 68 139 127 121 
5 2
51 81 188 60 189 
5 2
163 29 62 31 81 
5 2
18 125 58 200 194 
5 2
97 157 52 36 21 
5 2
74 82 106 169 131 
5 2
17 199 79 121 150 
5 2
43 176 27 69 35 
5 2
114 85 81 94 81 
5 2
189 140 165 24 162 
5 2
3 115 139 110 36 
5 2
190 161 181 174 140 
5 2
17 62 185 16 116 
5 2
53 114 21 136 168 
5 2
71 14 12 101 175 
5 2
162 102 87 185 165 
5 2
192 99 66 119 85 
5 2
37 72 23 52 115 
5 2
102 27 181 149 169 
5 2
149 1 154 150 101 
5 2
173 58 189 199 49 
5 2
198 116 173 170 42 
5 2
107 41 101 42 46 
5 2
175 164 177 56 117 
5 2
151 192 169 47 47 
5 2
41 123 185 110 159 
5 2
54 101 173 88 92 
5 2
146 182 66 137 92 
5 2
59 145 130 96 22 
5 2
184 94 106 146 172 
5 2
97 79 32 167 122 
5 2
16 142 95 78 164 
5 2
65 10 93 173 140 
5 2
124 5 124 94 147 
5 2
84 170 132 41 35 
5 2
46 24 192 44 57 
5 2
11 168 150 55 32 
5 2
195 153 61 38 18 
5 2
18 136 97 136 31 
5 2
137 52 116 92 62 
5 2
189 89 78 194 158 
5 2
183 153 125 186 125 
5 2
89 44 191 55 116 
5 2
188 196 184 63 13 
5 2
180 101 88 107 155 
5 2
73 30 174 151 21 
5 2
63 21 87 106 114 
5 2
83 66 134 184 21 
5 2
57 2 5 57 40 
5 2
140 124 37 83 8 
5 2
98 156 49 91 19 
5 2
18 177 165 197 199 
5 2
47 82 67 67 16 
5 2
41 57 168 69 37 
5 2
79 118 113 143 69 
5 2
152 152 87 64 175 
5 2
67 165 168 50 8 
5 2
155 41 141 199 82 
5 2
37 27 46 46 74 
5 2
121 69 4 151 118 
5 2
22 63 32 63 108 
5 2
115 118 83 128 138 
5 2
87 106 24 67 190 
5 2
37 28 152 118 97 
5 2
140 15 51 6 81 
5 2
144 17 82 84 192 
5 2
149 40 123 54 36 
5 2
107 173 101 22 22 
5 2
2 109 135 134 102 
5 2
44 177 153 69 66 
5 2
44 99 69 14 96 
5 2
3 113 123 152 68 
5 2
140 81 121 105 126 
5 2
143 11 121 178 109 
5 2
136 140 119 81 44 
5 2
117 122 123 185 22 
5 2
144 169 30 82 49 
5 2
96 90 91 1 68 
5 2
167 166 48 170 82 
5 2
130 140 65 11 68 
5 2
134 145 164 1 42 
5 2
32 178 79 2 72 
5 2
25 172 44 136 173 
5 2
91 174 6 48 152 
5 2
197 148 38 27 68 
5 2
89 108 50 151 107 
5 2
166 186 90 52 126 
5 2
77 54 186 10 198 
5 2
115 185 129 120 111 
5 2
187 109 157 63 113 
5 2
99 109 99 57 115 
5 2
75 38 69 124 90 
5 2
151 186 186 184 107 
5 2
20 121 71 186 51 
