1
1
2
2
1
2
4
1
6
3
1
3
1
2
1
2
4
8
2
1
1
4
2
2
1
1
1
3
3
1
1
5
4
1
1
4
3
2
5
3
3
2
2
2
1
2
2
1
1
1
3
1
1
1
2
3
8
6
2
2
1
1
5
2
2
2
1
3
3
14
4
4
5
1
1
13
2
2
1
1
1
2
2
3
2
3
1
12
3
1
2
6
1
1
2
1
3
2
3
3
1
2
2
1
3
2
1
1
2
1
13
1
1
3
3
3
1
3
6
1
1
1
1
1
1
3
2
3
3
1
1
2
2
3
1
22
2
1
1
3
1
1
1
3
7
2
1
1
1
1
2
1
1
8
1
2
2
2
2
3
3
1
3
1
3
1
4
2
8
1
1
3
1
2
1
1
1
1
3
1
1
1
6
1
12
1
3
2
1
1
2
3
2
3
1
1
1
5
4
2
4
1
2
3
4
4
5
8
3
9
2
5
1
1
4
1
3
3
21
4
2
1
2
4
1
8
3
3
1
1
4
2
1
2
4
1
15
8
1
2
1
1
1
1
1
2
2
2
3
3
1
3
2
1
3
3
4
3
1
1
2
1
6
1
7
7
2
1
1
2
1
1
1
2
3
1
2
2
5
1
1
1
1
1
8
1
1
1
6
5
1
1
1
2
1
1
2
3
2
1
2
8
8
8
2
1
1
3
2
5
2
3
1
3
1
1
2
5
1
4
7
1
5
2
3
1
2
4
4
2
1
2
1
1
5
1
3
2
2
1
1
2
2
2
2
1
1
1
1
2
3
1
1
3
2
15
2
6
3
2
3
1
1
5
2
2
1
2
1
1
1
3
1
5
2
1
1
2
1
5
2
3
1
4
1
1
2
4
1
7
1
1
4
6
1
1
1
17
8
6
1
1
1
5
2
3
1
3
1
8
5
2
1
1
2
2
1
2
2
1
2
1
3
1
4
6
2
5
2
2
1
1
2
1
1
3
17
3
10
1
1
1
41
2
2
4
5
1
3
1
2
7
2
1
1
2
2
4
8
1
1
7
2
3
11
1
2
5
1
3
1
2
2
2
1
4
1
1
1
1
1
3
6
2
3
3
2
3
4
1
2
1
3
3
11
2
2
1
1
6
5
1
1
12
8
3
1
2
3
2
5
1
1
1
1
1
3
2
1
2
1
2
7
1
3
3
4
2
1
3
2
1
2
2
1
2
2
2
2
1
2
1
2
2
1
2
2
2
1
3
2
2
2
2
2
3
2
1
2
1
3
4
2
3
1
1
2
1
2
1
1
2
7
3
1
1
1
3
3
2
2
3
1
1
7
2
1
1
2
5
2
18
2
3
2
2
2
1
1
4
1
1
2
1
3
1
8
3
5
4
2
1
11
1
3
3
3
3
3
1
1
3
2
2
12
1
2
4
1
1
6
2
2
4
2
1
1
1
1
3
1
1
1
1
8
1
1
4
1
1
1
5
3
8
3
1
3
1
1
1
2
2
2
1
1
1
1
3
2
2
1
2
3
1
2
3
2
1
5
5
3
4
1
1
1
1
2
1
1
1
1
2
2
3
1
1
15
3
3
1
3
2
2
2
1
2
4
1
4
1
3
26
1
3
2
3
2
1
1
3
1
1
1
1
4
5
1
1
1
1
1
1
1
1
3
1
1
1
2
13
1
1
3
3
5
3
5
2
3
6
1
2
5
11
5
1
5
1
1
5
1
2
2
1
1
1
5
3
2
1
2
1
1
5
3
1
2
2
2
3
19
2
1
3
1
1
2
2
2
1
2
1
3
4
3
4
1
4
1
2
5
10
2
2
1
1
3
2
4
3
1
2
2
1
6
4
1
1
2
4
1
1
2
2
1
1
2
1
1
2
2
6
3
2
1
2
1
1
1
4
1
2
3
3
1
3
11
2
4
2
3
2
1
2
1
2
1
1
3
5
1
1
2
1
1
3
2
1
2
2
4
2
1
2
1
1
2
3
2
1
3
2
1
2
2
2
2
1
4
1
3
2
2
1
1
6
8
11
2
1
3
4
1
1
3
50
1
3
1
2
1
2
1
1
3
3
1
2
2
3
1
3
3
1
1
1
1
2
1
1
1
1
2
2
2
2
1
2
5
2
2
4
2
3
2
4
2
3
1
4
1
3
3
2
1
4
7
3
1
3
1
8
2
1
2
1
9
2
2
2
3
12
3
1
2
3
3
1
7
11
4
1
2
2
2
5
2
2
4
6
2
1
6
6
5
1
3
3
2
1
