1524821
189071
1557107
8711435
743615
1113309
221385
3565284
1352063
572323
6183454
89047
4600892
381628
47302
1896884
1180382
2080432
19980776
5644490
235118
506346
2523667
1467619
2264160
965284
1579447
5960824
2065413
7320498
10127365
6422377
13652
474154
512036
161238
4936219
57394
3725986
663665
145475
23680
287108
2206578
4381749
2486
124917
153035
330858
1389566
3739260
1223149
11763416
29048
20384867
22223375
263958
22217003
873748
24272
1751117
337334
9464766
2455448
1508567
253355
4704428
8763538
1129731
23354106
1106246
237441
64632
616484
1836050
6333375
58602
227268
23275798
136778
1300106
3790083
4941270
774020
4330197
858168
68889
1327790
1477688
2585738
3909757
10359790
2231816
92496
967121
756177
21596645
2096951
4460
4670419
