1
100 1000 1000
21 55 609
12 64 277
91 93 234
93 93 814
36 59 354
94 95 737
58 61 329
2 99 128
25 54 475
63 87 447
34 45 986
16 99 569
9 25 589
45 54 364
22 51 885
44 47 511
24 33 663
50 98 768
74 97 973
44 80 826
92 98 622
31 82 158
47 76 142
71 75 558
22 57 484
29 79 76
14 45 457
94 97 224
22 87 931
96 99 120
4 67 431
82 87 141
5 35 636
92 99 977
19 23 598
34 40 570
24 78 324
25 86 566
30 31 219
34 70 342
70 79 936
95 98 550
99 99 94
95 99 333
32 48 452
38 73 679
47 79 102
21 91 40
52 80 192
60 67 714
36 92 606
56 68 914
17 27 725
22 81 845
66 93 144
24 68 945
21 25 188
68 95 411
58 58 117
16 24 481
47 59 812
94 98 30
36 44 514
21 79 706
4 40 151
85 98 788
36 96 433
11 66 996
34 48 372
16 69 291
73 78 745
22 40 182
51 51 489
1 90 885
58 82 161
90 98 830
87 90 815
10 58 84
82 98 364
14 19 806
99 99 15
98 99 599
35 83 322
91 94 979
6 39 36
9 24 117
37 50 429
77 85 11
83 97 329
64 91 417
18 25 789
14 60 996
76 85 610
12 88 819
87 90 374
11 31 121
63 75 62
55 56 746
85 94 153
53 78 369
16 17 801
68 89 799
82 85 646
24 72 6
58 95 90
12 77 982
49 61 249
63 74 440
81 97 137
16 16 677
51 63 148
28 96 573
36 68 585
4 13 771
51 92 256
92 97 219
21 34 773
7 90 552
10 53 236
57 68 264
1 24 208
10 52 104
81 88 494
37 84 284
35 48 695
30 61 456
22 78 549
36 44 107
81 82 189
9 60 516
83 84 533
36 57 797
82 95 819
48 95 547
62 98 74
67 93 790
84 87 50
91 93 626
11 29 238
21 62 510
68 96 661
26 98 926
3 25 285
92 98 821
87 88 300
8 33 687
67 74 557
32 42 308
91 93 713
67 90 631
1 87 733
38 71 747
22 33 754
46 70 490
94 97 170
25 54 671
86 94 951
30 49 53
69 85 170
16 67 429
78 78 120
28 88 59
79 87 658
44 72 664
93 97 720
81 97 556
17 41 204
88 94 332
77 81 223
57 75 468
49 80 106
6 38 167
18 25 375
43 58 794
51 64 213
17 21 335
19 46 407
33 93 622
0 68 978
10 58 91
23 39 927
70 83 585
8 66 134
64 90 70
79 90 351
85 94 107
42 91 725
12 95 466
58 82 638
79 81 859
67 82 331
39 48 693
59 87 86
12 67 1000
62 68 80
6 17 561
5 36 215
41 52 740
32 72 714
37 97 967
1 29 206
52 89 937
11 76 306
85 99 560
12 78 808
36 91 572
97 97 547
37 62 499
36 69 823
47 60 544
54 83 100
33 64 834
56 81 411
73 76 414
94 95 82
62 90 411
16 41 876
30 30 272
78 85 257
10 31 352
42 88 526
4 82 696
34 72 462
42 92 623
25 96 921
66 99 839
90 93 720
13 19 321
23 80 877
4 20 124
54 83 978
78 82 720
74 88 913
16 47 425
85 90 918
57 62 922
99 99 440
94 96 126
94 97 29
63 73 344
74 88 88
52 98 547
27 73 80
49 91 689
62 69 288
55 86 536
42 90 675
39 83 864
5 38 252
91 98 51
3 29 449
59 69 700
59 99 176
55 99 338
44 52 476
60 65 570
29 96 150
8 28 596
69 85 860
35 66 89
24 70 639
55 71 966
76 90 62
76 87 896
74 97 695
34 55 670
87 90 359
72 91 116
23 75 864
98 98 965
71 91 612
73 81 756
36 74 27
85 86 296
20 47 168
88 95 467
23 48 452
72 80 816
37 74 275
48 77 102
71 77 990
17 62 108
85 86 640
78 90 923
24 56 807
58 69 175
87 92 275
13 16 796
81 90 746
23 43 509
26 42 450
94 98 595
90 94 406
99 99 954
13 80 361
30 76 499
84 88 358
19 79 994
94 95 284
50 54 671
15 72 863
80 90 754
5 54 29
89 91 81
14 29 779
13 47 726
81 90 954
29 75 729
37 52 893
86 91 978
85 93 849
71 89 597
69 84 363
54 56 755
17 28 80
64 99 833
80 94 632
34 50 36
53 94 83
32 52 66
8 23 314
62 99 416
72 72 777
74 88 611
42 48 688
67 81 748
18 56 733
11 35 366
90 95 592
73 94 160
44 73 363
23 88 39
42 60 672
66 68 823
91 91 165
27 52 10
62 65 959
52 59 150
35 71 185
86 93 675
63 75 288
95 95 849
2 71 467
8 93 961
50 96 456
3 49 524
78 79 593
4 91 926
72 74 130
2 2 445
47 51 925
15 48 233
9 90 70
84 88 935
21 79 298
56 92 745
71 85 548
72 86 520
49 78 939
86 94 51
54 55 736
56 64 93
25 94 58
67 73 261
5 66 547
49 92 790
46 61 602
58 65 891
54 94 111
33 86 694
93 98 376
7 13 68
20 67 737
59 66 354
48 92 992
41 58 46
38 98 96
35 75 813
63 92 690
41 74 324
24 57 262
90 91 564
36 41 413
60 78 202
77 88 401
4 20 567
20 65 115
28 77 886
15 33 577
15 23 717
9 17 265
16 66 499
33 76 250
14 45 458
43 48 840
80 86 967
12 82 818
57 91 184
77 79 228
50 72 153
86 89 594
63 78 226
63 89 427
19 63 439
31 83 893
22 44 799
67 98 626
66 69 229
64 95 361
97 97 397
42 51 585
64 99 434
81 84 764
44 60 188
91 92 114
44 93 707
34 44 653
48 52 377
97 99 275
47 77 848
61 77 95
95 95 130
42 96 860
27 37 972
22 90 726
29 37 928
86 97 993
78 82 858
3 83 654
22 47 92
15 82 546
46 78 570
23 96 559
27 89 392
24 24 155
56 65 737
12 31 778
65 74 300
44 48 334
69 73 396
0 36 826
35 48 230
2 86 314
74 87 748
82 89 714
33 50 48
37 80 939
27 34 486
22 84 522
13 27 584
41 48 313
10 35 428
79 80 634
53 73 599
35 70 995
33 87 326
21 97 926
17 41 104
60 94 90
37 83 915
47 78 517
70 87 856
26 81 595
87 87 45
49 62 163
6 11 153
45 76 26
26 80 939
78 78 864
41 97 496
47 52 994
33 74 490
10 40 672
46 59 934
48 86 144
85 86 285
50 65 509
11 28 880
65 95 77
77 97 759
67 88 924
7 14 585
92 94 103
21 29 509
28 38 952
5 78 873
81 83 306
17 56 430
7 34 546
36 72 911
99 99 957
76 78 41
54 95 216
65 71 365
31 98 276
32 98 558
48 49 310
82 82 756
7 25 316
45 49 668
67 86 629
38 56 7
21 86 880
20 71 484
43 61 666
49 94 188
31 78 600
84 88 629
62 75 349
3 80 741
57 72 516
56 87 851
82 82 167
74 74 146
39 93 479
9 96 633
78 92 566
18 54 796
86 91 263
31 79 939
10 15 416
62 92 805
91 99 927
57 85 905
40 79 372
68 71 961
64 83 162
58 74 332
46 52 557
70 71 21
9 69 7
64 87 517
81 92 246
82 89 319
63 76 381
61 68 241
31 83 171
32 32 857
68 89 653
90 93 170
17 20 677
5 24 730
33 41 173
93 99 800
69 71 991
12 96 22
68 77 126
51 57 251
97 99 45
7 63 937
90 98 621
67 82 847
1 32 726
49 78 100
82 89 979
23 79 467
94 99 145
67 86 200
2 51 748
38 52 910
53 84 652
99 99 855
75 82 311
25 90 15
16 45 12
53 71 300
32 60 981
78 86 631
11 41 415
85 99 85
10 27 830
34 93 175
3 34 187
14 70 296
14 53 972
30 34 478
20 79 929
95 96 532
33 57 154
86 91 682
8 73 666
16 38 728
46 64 413
4 37 816
55 66 121
59 81 735
58 66 999
17 20 73
37 69 203
86 88 970
80 89 408
27 65 749
82 88 876
38 43 321
23 72 795
81 87 103
52 74 583
20 27 342
42 57 324
64 85 944
87 97 241
44 51 91
90 94 599
81 89 862
59 87 395
44 53 394
59 61 66
26 64 472
97 98 449
64 75 382
67 77 975
83 99 825
50 63 728
69 89 198
67 96 53
89 97 668
57 92 810
45 46 93
68 73 367
62 69 835
14 72 748
40 76 478
82 93 610
81 98 452
76 95 705
97 99 309
23 27 857
62 87 569
14 54 471
79 80 23
99 99 942
81 89 596
12 72 95
47 58 503
39 87 707
30 92 24
14 94 160
72 95 190
57 64 940
21 78 852
56 73 688
27 72 351
11 32 452
52 83 214
24 37 247
84 91 860
81 89 654
62 62 931
0 3 622
98 99 334
6 31 491
5 46 867
10 45 507
67 94 189
23 89 505
49 82 545
85 95 566
75 86 315
2 68 825
38 43 709
46 49 835
1 62 658
67 84 598
39 71 617
36 93 458
49 83 529
25 56 264
36 53 666
9 26 902
49 72 176
72 94 68
27 51 51
51 51 370
46 63 154
61 99 50
4 11 279
1 15 570
42 50 40
68 84 523
87 91 334
16 36 785
3 32 372
34 74 271
95 95 696
91 98 436
92 96 806
89 95 713
12 68 378
89 99 657
35 57 167
33 34 604
31 49 380
92 96 852
40 55 855
63 77 28
26 45 443
25 58 258
64 92 695
1 23 536
21 51 509
47 97 566
45 57 224
40 99 741
79 95 100
22 57 231
65 75 82
72 89 205
13 37 239
29 35 875
51 78 806
92 95 968
88 95 31
39 79 407
1 1 933
13 52 670
83 96 692
16 44 167
29 78 338
50 64 609
89 93 751
62 74 854
71 86 51
63 96 223
47 71 683
64 78 768
2 50 256
68 90 493
99 99 351
65 67 777
69 91 924
42 87 740
32 35 893
73 83 949
9 73 292
61 81 681
30 64 917
4 96 537
74 94 772
46 64 746
50 80 28
74 83 546
71 84 111
49 69 937
10 57 881
42 92 355
79 96 25
39 82 160
23 55 338
48 83 788
94 96 394
5 13 909
76 83 188
38 44 966
3 27 480
39 47 881
42 44 828
23 99 980
33 96 321
6 78 513
27 56 337
74 99 200
99 99 890
61 78 509
4 95 985
82 90 680
13 47 939
67 86 934
80 81 23
47 71 809
15 88 714
46 60 760
45 71 852
17 30 30
62 69 619
20 65 507
28 37 74
45 46 414
14 79 518
63 75 406
59 82 468
81 89 190
4 12 297
97 99 170
30 84 285
50 79 491
52 94 73
18 23 478
93 96 140
18 98 68
30 91 844
96 96 638
62 72 680
37 89 103
15 94 252
71 96 736
98 98 221
71 95 549
10 11 0
69 94 508
72 90 406
16 63 738
42 52 43
39 90 482
65 95 616
47 59 824
36 90 106
11 70 872
40 42 407
52 83 426
48 76 272
37 85 758
30 95 650
54 95 429
89 97 485
71 89 885
59 95 662
91 99 789
63 95 859
87 98 478
60 94 797
57 67 460
60 98 918
61 61 367
19 54 193
42 61 198
43 49 44
62 64 483
20 29 504
18 32 979
90 99 550
19 62 363
60 97 892
26 69 382
30 42 75
44 78 559
69 84 267
16 92 919
70 83 931
27 36 980
0 80 760
32 48 9
44 82 68
49 86 395
31 72 322
71 99 835
81 89 896
62 99 747
90 94 445
78 94 277
93 99 892
35 41 782
6 22 608
85 86 693
75 80 541
81 84 467
66 76 936
23 85 748
93 95 175
3 84 65
69 82 753
24 64 593
76 93 874
65 65 840
4 63 316
91 93 881
53 76 271
86 98 892
73 99 883
60 99 519
61 96 988
79 84 692
32 60 71
45 51 603
18 18 532
2 36 921
52 85 908
16 38 80
65 79 694
3 84 257
5 27 149
95 98 456
95 96 742
66 95 498
97 97 90
78 91 990
57 76 154
76 88 287
55 81 272
96 97 550
72 75 91
53 81 419
23 90 660
45 60 308
86 93 679
94 95 46
7 87 617
41 77 33
28 92 475
60 87 967
61 69 740
39 66 458
78 97 829
58 63 921
89 93 980
41 67 642
82 83 286
6 21 458
2 71 36
24 26 387
33 59 938
56 83 334
6 98 596
79 90 307
3 66 417
38 47 764
1 86 868
93 93 64
54 94 201
48 85 80
81 82 373
58 95 839
6 97 241
92 92 148
85 91 208
73 73 93
75 93 3
89 97 120
13 62 304
1 23 172
54 75 732
20 44 456
46 57 651
19 25 817
51 92 299
27 66 322
49 84 633
44 57 475
48 64 869
13 40 10
76 85 203
36 44 461
75 87 27
19 90 821
7 91 531
28 31 743
27 78 709
75 76 571
5 70 581
28 68 586
71 97 576
97 99 139
29 52 657
47 62 719
47 78 97
8 33 721
79 86 375
27 32 290
10 17 232
83 97 893
59 66 644
75 91 659
36 54 363
97 99 400
21 79 988
97 98 449
20 52 540
63 98 99
14 30 824
44 50 772
82 96 527
0 29 750
75 87 442
17 82 230
55 91 71
7 79 537
21 85 995
94 97 739
54 94 279
35 87 817
92 97 789
31 54 773
41 59 668
28 75 423
50 61 789
87 98 779
45 66 988
28 95 972
50 85 867
91 97 54
66 72 436
54 99 856
0 35 705
63 92 102
65 83 940
84 92 927
49 51 469
86 89 175
61 74 390
35 95 964
33 77 540
1 40
99 99
95 99
70 90
3 49
40 47
74 86
27 94
72 79
58 94
25 79
28 55
19 32
98 99
50 76
59 60
57 72
87 87
72 85
22 75
95 95
17 52
24 79
85 99
79 96
59 63
14 62
46 72
39 65
70 99
97 97
41 62
44 61
33 48
28 65
36 44
62 91
18 38
87 90
47 89
10 11
79 85
15 64
50 74
76 93
67 79
79 83
68 72
32 33
87 92
42 78
26 67
2 62
62 83
10 21
27 95
81 92
91 95
13 75
45 87
68 95
58 99
2 15
72 87
33 37
57 65
82 88
18 55
14 69
97 98
86 90
83 87
98 98
41 46
37 85
36 71
32 70
1 35
16 29
98 98
93 96
37 45
47 65
90 93
35 95
32 52
7 45
7 45
29 64
14 83
41 77
29 50
44 45
83 99
59 73
20 70
85 93
85 89
34 70
79 82
95 96
96 98
17 88
26 26
38 85
17 74
19 81
67 70
83 95
32 32
12 18
65 88
3 29
51 95
85 99
58 71
69 94
5 51
36 38
76 94
56 64
30 99
26 89
94 96
86 92
31 72
99 99
50 65
82 96
1 56
75 86
67 74
62 86
23 61
1 42
82 93
35 44
59 78
21 99
44 86
12 60
47 54
90 92
8 14
82 91
30 33
56 81
32 46
89 92
50 71
72 79
69 98
21 98
43 76
47 48
86 95
20 69
77 82
31 71
60 98
18 78
51 78
95 98
22 56
66 83
36 50
28 71
68 74
22 73
3 53
78 86
40 72
82 92
54 93
71 79
14 87
39 87
64 80
70 78
87 90
51 61
67 99
67 87
35 36
40 93
88 94
0 63
96 97
53 72
72 98
21 85
33 48
8 84
98 99
6 33
16 86
63 97
12 25
11 63
52 78
32 75
46 68
28 35
29 64
24 72
83 95
50 84
87 95
33 63
68 73
44 48
19 69
20 82
51 84
15 30
23 71
17 19
68 98
17 53
1 6
71 96
30 60
65 91
26 85
39 73
89 98
13 18
3 68
49 80
19 53
81 95
23 47
72 91
61 98
37 74
38 40
22 53
93 96
36 40
70 96
27 59
96 96
83 93
14 81
70 92
46 61
62 90
69 99
84 84
81 93
22 95
44 54
84 88
48 56
6 87
65 71
88 92
81 83
74 85
57 83
7 67
28 77
96 99
13 21
21 36
52 68
13 58
17 55
38 40
25 30
99 99
1 21
68 70
54 85
44 50
15 39
53 98
73 98
92 93
75 86
85 90
52 67
93 94
73 80
25 68
73 80
98 99
28 28
91 95
42 50
74 86
12 80
78 84
22 74
23 68
83 84
3 42
62 86
1 54
46 60
21 21
95 97
97 98
90 93
45 78
0 89
70 77
56 78
24 88
55 59
71 75
69 74
63 99
45 98
88 93
48 85
22 38
82 87
59 75
82 87
50 93
27 86
19 23
23 51
16 64
55 91
96 97
83 94
22 31
80 80
15 48
71 97
54 75
42 67
28 29
78 84
14 33
58 86
98 98
25 70
64 94
41 84
13 41
55 73
18 50
39 97
71 89
91 91
94 98
62 87
41 73
29 53
4 54
49 81
52 83
15 59
82 88
0 73
6 15
37 88
12 93
73 79
93 94
61 77
92 94
16 25
91 95
12 59
75 84
91 93
64 74
9 87
12 28
4 69
17 84
65 99
52 66
56 93
53 72
66 88
89 99
55 90
49 63
79 98
32 63
2 60
98 99
85 93
23 62
8 43
24 95
88 88
68 89
15 23
40 72
17 45
5 32
98 98
28 68
52 92
23 51
73 88
85 86
11 47
83 88
19 93
81 82
10 16
53 96
78 88
92 97
70 91
85 93
43 51
55 89
78 86
48 61
90 90
22 31
89 97
51 55
66 97
5 45
28 61
77 92
30 39
86 96
16 54
80 85
76 79
50 55
54 97
90 98
31 89
61 80
85 96
10 82
16 66
18 72
24 48
38 47
32 94
96 97
60 96
44 45
56 56
77 90
18 96
83 87
79 87
89 99
18 75
75 95
31 33
2 43
68 74
73 75
9 36
60 79
56 78
50 65
81 95
21 32
81 95
97 99
25 56
11 15
17 38
9 52
71 71
53 53
66 74
50 84
45 68
13 60
53 65
83 90
71 83
76 91
54 58
9 62
37 49
56 68
38 77
85 86
83 85
74 87
30 97
1 19
44 51
35 63
70 79
13 47
10 87
43 72
97 97
18 37
30 48
14 70
34 92
78 79
20 69
72 77
4 5
2 85
85 86
77 89
5 42
69 77
62 67
53 86
20 48
50 97
1 37
48 83
19 44
18 90
89 94
41 90
13 33
99 99
53 58
39 47
10 91
97 98
63 80
19 39
55 96
62 86
84 87
91 95
16 82
81 99
81 94
60 83
52 98
89 98
48 50
32 96
25 32
93 98
84 99
46 95
92 96
21 72
6 35
22 38
89 91
56 87
43 59
98 98
37 78
93 97
64 68
59 60
99 99
22 59
42 82
9 52
18 98
90 99
67 71
69 95
98 98
20 51
57 93
97 98
29 29
96 98
93 95
67 97
93 95
38 49
93 93
48 50
80 88
50 56
44 59
54 58
38 43
78 89
21 32
89 94
41 47
19 83
27 66
56 60
71 87
99 99
12 23
60 78
59 76
82 99
99 99
42 49
51 87
51 62
43 47
17 22
4 37
29 62
99 99
62 84
25 92
71 94
2 22
3 76
9 23
51 69
19 22
68 88
27 34
18 69
85 92
29 86
50 52
80 84
42 73
54 76
62 86
44 55
57 77
40 41
24 25
12 35
79 84
65 82
48 80
76 83
72 83
46 86
31 31
10 96
57 93
33 78
51 82
85 86
77 98
86 92
73 85
50 56
74 94
6 96
98 98
69 83
94 99
51 77
87 98
1 91
65 99
70 96
66 66
57 84
61 81
83 96
6 22
89 93
43 47
1 23
60 87
57 86
68 83
41 87
53 55
38 52
67 96
64 82
41 70
69 86
22 57
82 86
80 96
83 93
66 92
82 95
6 16
31 80
62 96
52 72
73 75
58 98
78 79
35 73
74 97
51 68
66 70
28 59
26 49
26 84
15 56
5 22
79 83
11 74
59 72
44 97
64 91
27 89
61 75
82 87
56 71
69 83
16 32
38 80
77 97
84 85
76 90
64 85
28 88
63 77
43 64
15 47
64 77
75 99
17 75
63 81
98 98
6 50
8 68
79 89
70 78
84 86
13 46
81 94
75 84
16 78
95 96
10 46
16 77
70 81
33 63
79 91
47 85
37 77
37 75
63 63
24 71
36 56
56 95
98 99
89 96
99 99
50 97
74 84
48 87
39 46
3 3
43 59
13 68
71 93
31 72
35 71
37 57
96 99
92 97
76 93
32 88
42 47
12 65
94 95
39 50
67 99
23 26
1 74
66 75
9 46
84 99
27 36
89 96
71 91
5 46
5 10
77 94
1 52
84 90
36 85
5 29
91 93
1 67
70 81
25 66
64 90
79 90
59 66
63 75
92 99
62 80
50 89
1 55
92 94
71 72
12 12
16 90
26 35
35 81
90 98
89 91
16 48
15 95
65 70
89 98
82 96
84 99
98 98
14 34
6 95
54 83
47 83
41 52
56 59
80 85
96 96
86 88
92 97
41 67
22 62
5 8
90 90
64 80
77 97
12 14
48 78
75 85
99 99
5 18
91 97
16 86
6 30
58 74
61 85
17 79
60 96
83 98
25 51
86 90
67 71
98 98
28 53
13 77
45 63
93 98
15 93
48 49
26 70
78 81
83 96
47 66
17 86
86 99
57 75
25 54
48 87
52 72
64 87
77 92
58 72
61 91
19 46
68 72
7 14
36 50
95 95
8 57
20 26
28 84
47 53
59 71
56 93
98 99
26 39
81 96
24 94
32 91
76 80
17 81
31 51
82 93
21 23
68 86
24 78
0 3
47 50
26 77
69 89
4 33
16 56
34 48
74 79
24 38
28 32
1 9
27 61
3 85
50 73
67 67
7 40
37 96
85 94
3 13
97 98
73 90
44 84
14 55
12 33
3 4
75 94
28 33
97 98
28 32
80 84
35 62
46 60
71 87
51 59
64 72
80 81
31 43
17 81
46 58
61 75
71 84
99 99
73 77
75 75
6 46
56 79
1 92
23 55
90 92
72 76
81 87
1 18
1 32
36 43
45 58
89 95
51 78
8 96
89 89
33 34
28 52
36 84
94 97
78 84
81 94
36 71
33 56
82 94
34 52
53 63
27 81
32 84
77 97
76 96
6 57
80 84
80 95
94 95
25 61
26 47
31 90
73 85
19 94
71 72
40 53
11 85
12 12
41 90
56 57
8 39
20 73
84 87
7 85
40 80
81 95
32 97
79 93
4 65
45 49
98 99
90 95
89 98
82 98
0 14
55 88
67 88
86 93
16 40
97 98
50 80
39 75
86 89
0 16
89 93
22 67
31 95
54 71
47 52
84 88
47 97
61 89
