1
100 100 100 100
59 59 82 61 71 
46 71 85 85 659 
97 33 99 81 982 
33 91 45 99 184 
61 57 75 81 359 
64 61 83 96 491 
78 62 92 89 498 
16 56 26 96 273 
48 19 93 61 672 
27 62 41 93 254 
42 27 43 43 85 
95 77 99 80 77 
20 75 52 93 212 
28 12 47 40 647 
98 81 99 83 86 
49 2 54 85 884 
98 34 99 36 372 
84 53 96 91 225 
50 22 59 84 516 
48 27 64 56 161 
88 49 94 90 975 
76 52 83 72 687 
78 57 82 90 106 
25 6 39 98 38 
8 0 71 26 359 
16 4 72 89 7 
12 57 69 75 899 
36 92 56 96 293 
39 10 74 15 914 
46 29 99 79 630 
95 45 96 96 704 
31 90 90 92 533 
15 66 88 90 594 
4 33 56 35 294 
63 79 73 93 994 
14 34 64 57 985 
41 66 69 91 708 
35 18 43 84 366 
55 67 60 97 473 
42 92 59 97 402 
4 85 99 99 244 
56 94 98 94 978 
98 90 98 94 369 
32 61 89 81 652 
54 70 58 78 306 
39 20 50 44 69 
79 95 80 98 962 
61 81 77 99 15 
44 91 67 93 231 
52 53 63 62 758 
49 74 92 94 733 
68 39 78 43 171 
33 12 56 26 310 
21 58 28 80 553 
87 33 99 44 293 
3 72 75 75 294 
24 6 34 20 1000 
8 27 73 68 303 
15 33 58 49 441 
23 54 48 88 265 
29 49 63 64 475 
46 95 81 96 412 
54 9 90 94 364 
21 57 49 69 512 
12 79 93 81 419 
61 34 95 99 757 
9 70 75 90 112 
54 54 63 68 73 
57 29 70 33 565 
95 38 98 79 50 
82 36 97 36 388 
57 50 90 74 383 
38 88 99 98 437 
51 42 95 67 560 
51 18 66 73 637 
55 86 81 86 17 
26 19 79 66 472 
19 23 82 56 91 
26 13 71 98 384 
98 86 99 98 221 
28 77 64 91 943 
15 53 85 86 111 
95 74 98 86 458 
23 41 29 71 413 
22 6 85 65 171 
59 48 80 91 817 
1 12 25 38 639 
38 6 44 50 574 
92 89 92 91 899 
2 49 64 61 447 
58 68 83 94 61 
90 93 95 95 47 
40 90 76 90 638 
4 20 61 36 846 
52 87 73 94 468 
7 38 50 92 386 
12 52 56 64 646 
75 89 92 90 891 
3 47 61 96 454 
65 70 80 76 816 
57 37 60 88 
93 69 97 86 
70 65 92 76 
37 45 68 84 
67 77 86 82 
63 86 81 98 
35 76 43 80 
77 42 95 85 
19 77 50 86 
18 60 28 71 
68 39 93 87 
18 90 42 90 
39 71 75 89 
59 81 62 97 
96 30 96 66 
30 35 79 42 
63 9 82 36 
56 71 76 83 
9 38 78 96 
34 53 58 89 
86 22 99 36 
74 7 98 32 
15 7 26 85 
69 80 94 91 
81 11 93 74 
2 43 91 45 
52 79 66 95 
49 50 74 79 
60 81 95 91 
54 58 97 85 
43 61 89 97 
7 58 62 80 
92 94 96 94 
85 30 87 75 
59 34 65 46 
88 69 93 75 
22 45 83 58 
32 78 35 80 
2 23 64 39 
48 4 97 18 
47 48 47 72 
49 55 51 55 
93 70 99 92 
21 63 46 80 
56 26 71 69 
54 2 54 3 
68 88 93 88 
90 89 96 98 
39 79 62 80 
3 15 43 29 
41 23 98 41 
58 57 62 87 
33 27 97 64 
43 94 46 96 
18 25 79 87 
23 2 88 81 
97 32 99 84 
1 0 70 89 
41 69 53 79 
26 8 28 12 
79 60 89 91 
17 23 18 87 
29 23 87 57 
43 75 88 82 
20 78 58 85 
72 41 72 84 
5 67 52 97 
11 33 51 82 
73 2 79 61 
33 14 96 91 
64 55 69 77 
64 90 70 95 
83 76 84 81 
40 77 85 78 
42 6 51 52 
50 30 91 59 
93 69 93 93 
72 46 74 60 
0 31 98 85 
39 80 45 83 
17 88 82 91 
28 17 61 42 
66 60 97 89 
74 22 84 48 
68 10 89 69 
46 53 49 87 
89 89 91 95 
81 71 97 91 
18 67 33 99 
56 70 95 79 
28 14 39 90 
47 46 78 92 
56 30 85 47 
56 93 76 93 
83 47 88 83 
10 85 69 87 
23 27 85 90 
35 39 59 53 
39 99 51 99 
52 55 95 71 
